1.0,21.972026825,22.88,0.036,7.37e-09,186000000.0,132.0,25
2.0,21.9501037598,23.76,0.036,7.37e-09,186000000.0,132.0,25
3.0,21.9314365387,24.64,0.036,7.37e-09,186000000.0,132.0,25
4.0,21.9165916443,25.52,0.036,7.37e-09,186000000.0,132.0,25
5.0,21.9017467499,26.4,0.036,7.37e-09,186000000.0,132.0,25
6.0,21.892650127425,27.28,0.036,7.37e-09,186000000.0,132.0,25
7.0,21.88355350495,28.16,0.036,7.37e-09,186000000.0,132.0,25
8.0,21.874456882475,29.04,0.036,7.37e-09,186000000.0,132.0,25
9.0,21.86536026,29.92,0.036,7.37e-09,186000000.0,132.0,25
10.0,21.866775989525,30.8,0.036,7.37e-09,186000000.0,132.0,25
11.0,21.86819171905,31.68,0.036,7.37e-09,186000000.0,132.0,25
12.0,21.869607448575,32.56,0.036,7.37e-09,186000000.0,132.0,25
13.0,21.8710231781,33.44,0.036,7.37e-09,186000000.0,132.0,25
14.0,21.872438907625,34.32,0.036,7.37e-09,186000000.0,132.0,25
15.0,21.87385463715,35.2,0.036,7.37e-09,186000000.0,132.0,25
16.0,21.875270366675,36.08,0.036,7.37e-09,186000000.0,132.0,25
17.0,21.8766860962,36.96,0.036,7.37e-09,186000000.0,132.0,25
18.0,21.89103069306,37.84,0.036,7.37e-09,186000000.0,132.0,25
19.0,21.90537528992,38.72,0.036,7.37e-09,186000000.0,132.0,25
20.0,21.91971988678,39.6,0.036,7.37e-09,186000000.0,132.0,25
21.0,21.93406448364,40.48,0.036,7.37e-09,186000000.0,132.0,25
22.0,21.9484090805,41.36,0.036,7.37e-09,186000000.0,132.0,25
23.0,21.96275367736,42.24,0.036,7.37e-09,186000000.0,132.0,25
24.0,21.97709827422,43.12,0.036,7.37e-09,186000000.0,132.0,25
25.0,21.99144287108,44.0,0.036,7.37e-09,186000000.0,132.0,25
26.0,22.00578746794,44.88,0.036,7.37e-09,186000000.0,132.0,25
27.0,22.0201320648,45.76,0.036,7.37e-09,186000000.0,132.0,25
28.0,22.04731540678,46.64,0.036,7.37e-09,186000000.0,132.0,25
29.0,22.07449874876,47.52,0.036,7.37e-09,186000000.0,132.0,25
30.0,22.10168209074,48.4,0.036,7.37e-09,186000000.0,132.0,25
31.0,22.12886543272,49.28,0.036,7.37e-09,186000000.0,132.0,25
32.0,22.1560487747,50.16,0.036,7.37e-09,186000000.0,132.0,25
33.0,22.18323211668,51.04,0.036,7.37e-09,186000000.0,132.0,25
34.0,22.21041545866,51.92,0.036,7.37e-09,186000000.0,132.0,25
35.0,22.23759880064,52.8,0.036,7.37e-09,186000000.0,132.0,25
36.0,22.26478214262,53.68,0.036,7.37e-09,186000000.0,132.0,25
37.0,22.2919654846,54.56,0.036,7.37e-09,186000000.0,132.0,25
38.0,22.3318880081,55.44,0.036,7.37e-09,186000000.0,132.0,25
39.0,22.3718105316,56.32,0.036,7.37e-09,186000000.0,132.0,25
40.0,22.4117330551,57.2,0.036,7.37e-09,186000000.0,132.0,25
41.0,22.4516555786,58.08,0.036,7.37e-09,186000000.0,132.0,25
42.0,22.4915781021,58.96,0.036,7.37e-09,186000000.0,132.0,25
43.0,22.5315006256,59.84,0.036,7.37e-09,186000000.0,132.0,25
44.0,22.5714231491,60.72,0.036,7.37e-09,186000000.0,132.0,25
45.0,22.6113456726,61.6,0.036,7.37e-09,186000000.0,132.0,25
46.0,22.6512681961,62.48,0.036,7.37e-09,186000000.0,132.0,25
47.0,22.6911907196,63.36,0.036,7.37e-09,186000000.0,132.0,25
48.0,22.73323822021,64.24,0.036,7.37e-09,186000000.0,132.0,25
49.0,22.77528572082,65.12,0.036,7.37e-09,186000000.0,132.0,25
50.0,22.81733322143,66.0,0.036,7.37e-09,186000000.0,132.0,25
51.0,22.85938072204,62.94,0.036,7.37e-09,186000000.0,132.0,25
52.0,22.90142822265,62.88,0.036,7.37e-09,186000000.0,132.0,25
53.0,22.94347572326,62.82,0.036,7.37e-09,186000000.0,132.0,25
54.0,22.98552322387,62.76,0.036,7.37e-09,186000000.0,132.0,25
55.0,23.02757072448,62.7,0.036,7.37e-09,186000000.0,132.0,25
56.0,23.06961822509,62.64,0.036,7.37e-09,186000000.0,132.0,25
57.0,23.1116657257,62.58,0.036,7.37e-09,186000000.0,132.0,25
58.0,23.1518705368,62.52,0.036,7.37e-09,186000000.0,132.0,25
59.0,23.1920753479,62.46,0.036,7.37e-09,186000000.0,132.0,25
60.0,23.232280159,62.4,0.036,7.37e-09,186000000.0,132.0,25
61.0,23.2724849701,62.34,0.036,7.37e-09,186000000.0,132.0,25
62.0,23.3126897812,62.28,0.036,7.37e-09,186000000.0,132.0,25
63.0,23.3528945923,62.22,0.036,7.37e-09,186000000.0,132.0,25
64.0,23.3930994034,62.16,0.036,7.37e-09,186000000.0,132.0,25
65.0,23.4333042145,62.1,0.036,7.37e-09,186000000.0,132.0,25
66.0,23.4735090256,62.04,0.036,7.37e-09,186000000.0,132.0,25
67.0,23.5137138367,61.98,0.036,7.37e-09,186000000.0,132.0,25
68.0,23.55235748294,61.92,0.036,7.37e-09,186000000.0,132.0,25
69.0,23.59100112918,61.86,0.036,7.37e-09,186000000.0,132.0,25
70.0,23.62964477542,61.8,0.036,7.37e-09,186000000.0,132.0,25
71.0,23.66828842166,61.74,0.036,7.37e-09,186000000.0,132.0,25
72.0,23.7069320679,61.68,0.036,7.37e-09,186000000.0,132.0,25
73.0,23.74557571414,61.62,0.036,7.37e-09,186000000.0,132.0,25
74.0,23.78421936038,61.56,0.036,7.37e-09,186000000.0,132.0,25
75.0,23.82286300662,61.5,0.036,7.37e-09,186000000.0,132.0,25
76.0,23.86150665286,61.44,0.036,7.37e-09,186000000.0,132.0,25
77.0,23.9001502991,61.38,0.036,7.37e-09,186000000.0,132.0,25
78.0,23.93725032809,61.32,0.036,7.37e-09,186000000.0,132.0,25
79.0,23.97435035708,61.26,0.036,7.37e-09,186000000.0,132.0,25
80.0,24.01145038607,61.2,0.036,7.37e-09,186000000.0,132.0,25
81.0,24.04855041506,61.14,0.036,7.37e-09,186000000.0,132.0,25
82.0,24.08565044405,61.08,0.036,7.37e-09,186000000.0,132.0,25
83.0,24.12275047304,61.02,0.036,7.37e-09,186000000.0,132.0,25
84.0,24.15985050203,60.96,0.036,7.37e-09,186000000.0,132.0,25
85.0,24.19695053102,60.9,0.036,7.37e-09,186000000.0,132.0,25
86.0,24.23405056001,60.84,0.036,7.37e-09,186000000.0,132.0,25
87.0,24.271150589,60.78,0.036,7.37e-09,186000000.0,132.0,25
88.0,24.30671100617,60.72,0.036,7.37e-09,186000000.0,132.0,25
89.0,24.34227142334,60.66,0.036,7.37e-09,186000000.0,132.0,25
90.0,24.37783184051,60.6,0.036,7.37e-09,186000000.0,132.0,25
91.0,24.41339225768,60.54,0.036,7.37e-09,186000000.0,132.0,25
92.0,24.44895267485,60.48,0.036,7.37e-09,186000000.0,132.0,25
93.0,24.48451309202,60.42,0.036,7.37e-09,186000000.0,132.0,25
94.0,24.52007350919,60.36,0.036,7.37e-09,186000000.0,132.0,25
95.0,24.55563392636,60.3,0.036,7.37e-09,186000000.0,132.0,25
96.0,24.59119434353,60.24,0.036,7.37e-09,186000000.0,132.0,25
97.0,24.6267547607,60.18,0.036,7.37e-09,186000000.0,132.0,25
98.0,24.66165981289,60.12,0.036,7.37e-09,186000000.0,132.0,25
99.0,24.69656486508,60.06,0.036,7.37e-09,186000000.0,132.0,25
100.0,24.73146991727,60.0,0.036,7.37e-09,186000000.0,132.0,25
101.0,24.76637496946,60,0.036,7.37e-09,186000000.0,132.0,25
102.0,24.80128002165,60,0.036,7.37e-09,186000000.0,132.0,25
103.0,24.83618507384,60,0.036,7.37e-09,186000000.0,132.0,25
104.0,24.87109012603,60,0.036,7.37e-09,186000000.0,132.0,25
105.0,24.90599517822,60,0.036,7.37e-09,186000000.0,132.0,25
106.0,24.94090023041,60,0.036,7.37e-09,186000000.0,132.0,25
107.0,24.9758052826,60,0.036,7.37e-09,186000000.0,132.0,25
108.0,25.01038799287,60,0.036,7.37e-09,186000000.0,132.0,25
109.0,25.04497070314,60,0.036,7.37e-09,186000000.0,132.0,25
110.0,25.07955341341,60,0.036,7.37e-09,186000000.0,132.0,25
111.0,25.11413612368,60,0.036,7.37e-09,186000000.0,132.0,25
112.0,25.14871883395,60,0.036,7.37e-09,186000000.0,132.0,25
113.0,25.18330154422,60,0.036,7.37e-09,186000000.0,132.0,25
114.0,25.21788425449,60,0.036,7.37e-09,186000000.0,132.0,25
115.0,25.25246696476,60,0.036,7.37e-09,186000000.0,132.0,25
116.0,25.28704967503,60,0.036,7.37e-09,186000000.0,132.0,25
117.0,25.3216323853,60,0.036,7.37e-09,186000000.0,132.0,25
118.0,25.35587253575,60,0.036,7.37e-09,186000000.0,132.0,25
119.0,25.3901126862,60,0.036,7.37e-09,186000000.0,132.0,25
120.0,25.42435283665,60,0.036,7.37e-09,186000000.0,132.0,25
121.0,25.4585929871,60,0.036,7.37e-09,186000000.0,132.0,25
122.0,25.49283313755,60,0.036,7.37e-09,186000000.0,132.0,25
123.0,25.527073288,60,0.036,7.37e-09,186000000.0,132.0,25
124.0,25.56131343845,60,0.036,7.37e-09,186000000.0,132.0,25
125.0,25.5955535889,60,0.036,7.37e-09,186000000.0,132.0,25
126.0,25.62979373935,60,0.036,7.37e-09,186000000.0,132.0,25
127.0,25.6640338898,60,0.036,7.37e-09,186000000.0,132.0,25
128.0,25.69793472293,60,0.036,7.37e-09,186000000.0,132.0,25
129.0,25.73183555606,60,0.036,7.37e-09,186000000.0,132.0,25
130.0,25.76573638919,60,0.036,7.37e-09,186000000.0,132.0,25
131.0,25.79963722232,60,0.036,7.37e-09,186000000.0,132.0,25
132.0,25.83353805545,60,0.036,7.37e-09,186000000.0,132.0,25
133.0,25.86743888858,60,0.036,7.37e-09,186000000.0,132.0,25
134.0,25.90133972171,60,0.036,7.37e-09,186000000.0,132.0,25
135.0,25.93524055484,60,0.036,7.37e-09,186000000.0,132.0,25
136.0,25.96914138797,60,0.036,7.37e-09,186000000.0,132.0,25
137.0,26.0030422211,60,0.036,7.37e-09,186000000.0,132.0,25
138.0,26.03660736087,60,0.036,7.37e-09,186000000.0,132.0,25
139.0,26.07017250064,60,0.036,7.37e-09,186000000.0,132.0,25
140.0,26.10373764041,60,0.036,7.37e-09,186000000.0,132.0,25
141.0,26.13730278018,60,0.036,7.37e-09,186000000.0,132.0,25
142.0,26.17086791995,60,0.036,7.37e-09,186000000.0,132.0,25
143.0,26.20443305972,60,0.036,7.37e-09,186000000.0,132.0,25
144.0,26.23799819949,60,0.036,7.37e-09,186000000.0,132.0,25
145.0,26.27156333926,60,0.036,7.37e-09,186000000.0,132.0,25
146.0,26.30512847903,60,0.036,7.37e-09,186000000.0,132.0,25
147.0,26.3386936188,60,0.036,7.37e-09,186000000.0,132.0,25
148.0,26.37192726138,60,0.036,7.37e-09,186000000.0,132.0,25
149.0,26.40516090396,60,0.036,7.37e-09,186000000.0,132.0,25
150.0,26.43839454654,60,0.036,7.37e-09,186000000.0,132.0,25
151.0,26.47162818912,60,0.036,7.37e-09,186000000.0,132.0,25
152.0,26.5048618317,60,0.036,7.37e-09,186000000.0,132.0,25
153.0,26.53809547428,60,0.036,7.37e-09,186000000.0,132.0,25
154.0,26.57132911686,60,0.036,7.37e-09,186000000.0,132.0,25
155.0,26.60456275944,60,0.036,7.37e-09,186000000.0,132.0,25
156.0,26.63779640202,60,0.036,7.37e-09,186000000.0,132.0,25
157.0,26.6710300446,60,0.036,7.37e-09,186000000.0,132.0,25
158.0,26.70393524174,60,0.036,7.37e-09,186000000.0,132.0,25
159.0,26.73684043888,60,0.036,7.37e-09,186000000.0,132.0,25
160.0,26.76974563602,60,0.036,7.37e-09,186000000.0,132.0,25
161.0,26.80265083316,60,0.036,7.37e-09,186000000.0,132.0,25
162.0,26.8355560303,60,0.036,7.37e-09,186000000.0,132.0,25
163.0,26.86846122744,60,0.036,7.37e-09,186000000.0,132.0,25
164.0,26.90136642458,60,0.036,7.37e-09,186000000.0,132.0,25
165.0,26.93427162172,60,0.036,7.37e-09,186000000.0,132.0,25
166.0,26.96717681886,60,0.036,7.37e-09,186000000.0,132.0,25
167.0,27.000082016,60,0.036,7.37e-09,186000000.0,132.0,25
168.0,27.03266220094,60,0.036,7.37e-09,186000000.0,132.0,25
169.0,27.06524238588,60,0.036,7.37e-09,186000000.0,132.0,25
170.0,27.09782257082,60,0.036,7.37e-09,186000000.0,132.0,25
171.0,27.13040275576,60,0.036,7.37e-09,186000000.0,132.0,25
172.0,27.1629829407,60,0.036,7.37e-09,186000000.0,132.0,25
173.0,27.19556312564,60,0.036,7.37e-09,186000000.0,132.0,25
174.0,27.22814331058,60,0.036,7.37e-09,186000000.0,132.0,25
175.0,27.26072349552,60,0.036,7.37e-09,186000000.0,132.0,25
176.0,27.29330368046,60,0.036,7.37e-09,186000000.0,132.0,25
177.0,27.3258838654,60,0.036,7.37e-09,186000000.0,132.0,25
178.0,27.35814247135,60,0.036,7.37e-09,186000000.0,132.0,25
179.0,27.3904010773,60,0.036,7.37e-09,186000000.0,132.0,25
180.0,27.42265968325,60,0.036,7.37e-09,186000000.0,132.0,25
181.0,27.4549182892,60,0.036,7.37e-09,186000000.0,132.0,25
182.0,27.48717689515,60,0.036,7.37e-09,186000000.0,132.0,25
183.0,27.5194355011,60,0.036,7.37e-09,186000000.0,132.0,25
184.0,27.55169410705,60,0.036,7.37e-09,186000000.0,132.0,25
185.0,27.583952713,60,0.036,7.37e-09,186000000.0,132.0,25
186.0,27.61621131895,60,0.036,7.37e-09,186000000.0,132.0,25
187.0,27.6484699249,60,0.036,7.37e-09,186000000.0,132.0,25
188.0,27.68041000364,60,0.036,7.37e-09,186000000.0,132.0,25
189.0,27.71235008238,60,0.036,7.37e-09,186000000.0,132.0,25
190.0,27.74429016112,60,0.036,7.37e-09,186000000.0,132.0,25
191.0,27.77623023986,60,0.036,7.37e-09,186000000.0,132.0,25
192.0,27.8081703186,60,0.036,7.37e-09,186000000.0,132.0,25
193.0,27.84011039734,60,0.036,7.37e-09,186000000.0,132.0,25
194.0,27.87205047608,60,0.036,7.37e-09,186000000.0,132.0,25
195.0,27.90399055482,60,0.036,7.37e-09,186000000.0,132.0,25
196.0,27.93593063356,60,0.036,7.37e-09,186000000.0,132.0,25
197.0,27.9678707123,60,0.036,7.37e-09,186000000.0,132.0,25
198.0,27.9994955063,60,0.036,7.37e-09,186000000.0,132.0,25
199.0,28.0311203003,60,0.036,7.37e-09,186000000.0,132.0,25
200.0,28.0627450943,60,0.036,7.37e-09,186000000.0,132.0,25
201.0,28.0943698883,60,0.036,7.37e-09,186000000.0,132.0,25
202.0,28.1259946823,60,0.036,7.37e-09,186000000.0,132.0,25
203.0,28.1576194763,60,0.036,7.37e-09,186000000.0,132.0,25
204.0,28.1892442703,60,0.036,7.37e-09,186000000.0,132.0,25
205.0,28.2208690643,60,0.036,7.37e-09,186000000.0,132.0,25
206.0,28.2524938583,60,0.036,7.37e-09,186000000.0,132.0,25
207.0,28.2841186523,60,0.036,7.37e-09,186000000.0,132.0,25
208.0,28.3154310226,60,0.036,7.37e-09,186000000.0,132.0,25
209.0,28.3467433929,60,0.036,7.37e-09,186000000.0,132.0,25
210.0,28.3780557632,60,0.036,7.37e-09,186000000.0,132.0,25
211.0,28.4093681335,60,0.036,7.37e-09,186000000.0,132.0,25
212.0,28.4406805038,60,0.036,7.37e-09,186000000.0,132.0,25
213.0,28.4719928741,60,0.036,7.37e-09,186000000.0,132.0,25
214.0,28.5033052444,60,0.036,7.37e-09,186000000.0,132.0,25
215.0,28.5346176147,60,0.036,7.37e-09,186000000.0,132.0,25
216.0,28.565929985,60,0.036,7.37e-09,186000000.0,132.0,25
217.0,28.5972423553,60,0.036,7.37e-09,186000000.0,132.0,25
218.0,28.62824573513,60,0.036,7.37e-09,186000000.0,132.0,25
219.0,28.65924911496,60,0.036,7.37e-09,186000000.0,132.0,25
220.0,28.69025249479,60,0.036,7.37e-09,186000000.0,132.0,25
221.0,28.72125587462,60,0.036,7.37e-09,186000000.0,132.0,25
222.0,28.75225925445,60,0.036,7.37e-09,186000000.0,132.0,25
223.0,28.78326263428,60,0.036,7.37e-09,186000000.0,132.0,25
224.0,28.81426601411,60,0.036,7.37e-09,186000000.0,132.0,25
225.0,28.84526939394,60,0.036,7.37e-09,186000000.0,132.0,25
226.0,28.87627277377,60,0.036,7.37e-09,186000000.0,132.0,25
227.0,28.9072761536,60,0.036,7.37e-09,186000000.0,132.0,25
228.0,28.9379735947,60,0.036,7.37e-09,186000000.0,132.0,25
229.0,28.9686710358,60,0.036,7.37e-09,186000000.0,132.0,25
230.0,28.9993684769,60,0.036,7.37e-09,186000000.0,132.0,25
231.0,29.030065918,60,0.036,7.37e-09,186000000.0,132.0,25
232.0,29.0607633591,60,0.036,7.37e-09,186000000.0,132.0,25
233.0,29.0914608002,60,0.036,7.37e-09,186000000.0,132.0,25
234.0,29.1221582413,60,0.036,7.37e-09,186000000.0,132.0,25
235.0,29.1528556824,60,0.036,7.37e-09,186000000.0,132.0,25
236.0,29.1835531235,60,0.036,7.37e-09,186000000.0,132.0,25
237.0,29.2142505646,60,0.036,7.37e-09,186000000.0,132.0,25
238.0,29.24464473727,60,0.036,7.37e-09,186000000.0,132.0,25
239.0,29.27503890994,60,0.036,7.37e-09,186000000.0,132.0,25
240.0,29.30543308261,60,0.036,7.37e-09,186000000.0,132.0,25
241.0,29.33582725528,60,0.036,7.37e-09,186000000.0,132.0,25
242.0,29.36622142795,60,0.036,7.37e-09,186000000.0,132.0,25
243.0,29.39661560062,60,0.036,7.37e-09,186000000.0,132.0,25
244.0,29.42700977329,60,0.036,7.37e-09,186000000.0,132.0,25
245.0,29.45740394596,60,0.036,7.37e-09,186000000.0,132.0,25
246.0,29.48779811863,60,0.036,7.37e-09,186000000.0,132.0,25
247.0,29.5181922913,60,0.036,7.37e-09,186000000.0,132.0,25
248.0,29.54828643802,60,0.036,7.37e-09,186000000.0,132.0,25
249.0,29.57838058474,60,0.036,7.37e-09,186000000.0,132.0,25
250.0,29.60847473146,60,0.036,7.37e-09,186000000.0,132.0,25
251.0,29.63856887818,60,0.036,7.37e-09,186000000.0,132.0,25
252.0,29.6686630249,60,0.036,7.37e-09,186000000.0,132.0,25
253.0,29.69875717162,60,0.036,7.37e-09,186000000.0,132.0,25
254.0,29.72885131834,60,0.036,7.37e-09,186000000.0,132.0,25
255.0,29.75894546506,60,0.036,7.37e-09,186000000.0,132.0,25
256.0,29.78903961178,60,0.036,7.37e-09,186000000.0,132.0,25
257.0,29.8191337585,60,0.036,7.37e-09,186000000.0,132.0,25
258.0,29.84893074032,60,0.036,7.37e-09,186000000.0,132.0,25
259.0,29.87872772214,60,0.036,7.37e-09,186000000.0,132.0,25
260.0,29.90852470396,60,0.036,7.37e-09,186000000.0,132.0,25
261.0,29.93832168578,60,0.036,7.37e-09,186000000.0,132.0,25
262.0,29.9681186676,60,0.036,7.37e-09,186000000.0,132.0,25
263.0,29.99791564942,60,0.036,7.37e-09,186000000.0,132.0,25
264.0,30.02771263124,60,0.036,7.37e-09,186000000.0,132.0,25
265.0,30.05750961306,60,0.036,7.37e-09,186000000.0,132.0,25
266.0,30.08730659488,60,0.036,7.37e-09,186000000.0,132.0,25
267.0,30.1171035767,60,0.036,7.37e-09,186000000.0,132.0,25
268.0,30.14660644535,60,0.036,7.37e-09,186000000.0,132.0,25
269.0,30.176109314,60,0.036,7.37e-09,186000000.0,132.0,25
270.0,30.20561218265,60,0.036,7.37e-09,186000000.0,132.0,25
271.0,30.2351150513,60,0.036,7.37e-09,186000000.0,132.0,25
272.0,30.26461791995,60,0.036,7.37e-09,186000000.0,132.0,25
273.0,30.2941207886,60,0.036,7.37e-09,186000000.0,132.0,25
274.0,30.32362365725,60,0.036,7.37e-09,186000000.0,132.0,25
275.0,30.3531265259,60,0.036,7.37e-09,186000000.0,132.0,25
276.0,30.38262939455,60,0.036,7.37e-09,186000000.0,132.0,25
277.0,30.4121322632,60,0.036,7.37e-09,186000000.0,132.0,25
278.0,30.44134368898,60,0.036,7.37e-09,186000000.0,132.0,25
279.0,30.47055511476,60,0.036,7.37e-09,186000000.0,132.0,25
280.0,30.49976654054,60,0.036,7.37e-09,186000000.0,132.0,25
281.0,30.52897796632,60,0.036,7.37e-09,186000000.0,132.0,25
282.0,30.5581893921,60,0.036,7.37e-09,186000000.0,132.0,25
283.0,30.58740081788,60,0.036,7.37e-09,186000000.0,132.0,25
284.0,30.61661224366,60,0.036,7.37e-09,186000000.0,132.0,25
285.0,30.64582366944,60,0.036,7.37e-09,186000000.0,132.0,25
286.0,30.67503509522,60,0.036,7.37e-09,186000000.0,132.0,25
287.0,30.704246521,60,0.036,7.37e-09,186000000.0,132.0,25
288.0,30.7331697464,60,0.036,7.37e-09,186000000.0,132.0,25
289.0,30.7620929718,60,0.036,7.37e-09,186000000.0,132.0,25
290.0,30.7910161972,60,0.036,7.37e-09,186000000.0,132.0,25
291.0,30.8199394226,60,0.036,7.37e-09,186000000.0,132.0,25
292.0,30.848862648,60,0.036,7.37e-09,186000000.0,132.0,25
293.0,30.8777858734,60,0.036,7.37e-09,186000000.0,132.0,25
294.0,30.9067090988,60,0.036,7.37e-09,186000000.0,132.0,25
295.0,30.9356323242,60,0.036,7.37e-09,186000000.0,132.0,25
296.0,30.9645555496,60,0.036,7.37e-09,186000000.0,132.0,25
297.0,30.993478775,60,0.036,7.37e-09,186000000.0,132.0,25
298.0,31.02211647031,60,0.036,7.37e-09,186000000.0,132.0,25
299.0,31.05075416562,60,0.036,7.37e-09,186000000.0,132.0,25
300.0,31.07939186093,60,0.036,7.37e-09,186000000.0,132.0,25
301.0,31.10802955624,60,0.036,7.37e-09,186000000.0,132.0,25
302.0,31.13666725155,60,0.036,7.37e-09,186000000.0,132.0,25
303.0,31.16530494686,60,0.036,7.37e-09,186000000.0,132.0,25
304.0,31.19394264217,60,0.036,7.37e-09,186000000.0,132.0,25
305.0,31.22258033748,60,0.036,7.37e-09,186000000.0,132.0,25
306.0,31.25121803279,60,0.036,7.37e-09,186000000.0,132.0,25
307.0,31.2798557281,60,0.036,7.37e-09,186000000.0,132.0,25
308.0,31.30821056362,60,0.036,7.37e-09,186000000.0,132.0,25
309.0,31.33656539914,60,0.036,7.37e-09,186000000.0,132.0,25
310.0,31.36492023466,60,0.036,7.37e-09,186000000.0,132.0,25
311.0,31.39327507018,60,0.036,7.37e-09,186000000.0,132.0,25
312.0,31.4216299057,60,0.036,7.37e-09,186000000.0,132.0,25
313.0,31.44998474122,60,0.036,7.37e-09,186000000.0,132.0,25
314.0,31.47833957674,60,0.036,7.37e-09,186000000.0,132.0,25
315.0,31.50669441226,60,0.036,7.37e-09,186000000.0,132.0,25
316.0,31.53504924778,60,0.036,7.37e-09,186000000.0,132.0,25
317.0,31.5634040833,60,0.036,7.37e-09,186000000.0,132.0,25
318.0,31.59147892003,60,0.036,7.37e-09,186000000.0,132.0,25
319.0,31.61955375676,60,0.036,7.37e-09,186000000.0,132.0,25
320.0,31.64762859349,60,0.036,7.37e-09,186000000.0,132.0,25
321.0,31.67570343022,60,0.036,7.37e-09,186000000.0,132.0,25
322.0,31.70377826695,60,0.036,7.37e-09,186000000.0,132.0,25
323.0,31.73185310368,60,0.036,7.37e-09,186000000.0,132.0,25
324.0,31.75992794041,60,0.036,7.37e-09,186000000.0,132.0,25
325.0,31.78800277714,60,0.036,7.37e-09,186000000.0,132.0,25
326.0,31.81607761387,60,0.036,7.37e-09,186000000.0,132.0,25
327.0,31.8441524506,60,0.036,7.37e-09,186000000.0,132.0,25
328.0,31.87195034031,60,0.036,7.37e-09,186000000.0,132.0,25
329.0,31.89974823002,60,0.036,7.37e-09,186000000.0,132.0,25
330.0,31.92754611973,60,0.036,7.37e-09,186000000.0,132.0,25
331.0,31.95534400944,60,0.036,7.37e-09,186000000.0,132.0,25
332.0,31.98314189915,60,0.036,7.37e-09,186000000.0,132.0,25
333.0,32.01093978886,60,0.036,7.37e-09,186000000.0,132.0,25
334.0,32.03873767857,60,0.036,7.37e-09,186000000.0,132.0,25
335.0,32.06653556828,60,0.036,7.37e-09,186000000.0,132.0,25
336.0,32.09433345799,60,0.036,7.37e-09,186000000.0,132.0,25
337.0,32.1221313477,60,0.036,7.37e-09,186000000.0,132.0,25
338.0,32.14965438847,60,0.036,7.37e-09,186000000.0,132.0,25
339.0,32.17717742924,60,0.036,7.37e-09,186000000.0,132.0,25
340.0,32.20470047001,60,0.036,7.37e-09,186000000.0,132.0,25
341.0,32.23222351078,60,0.036,7.37e-09,186000000.0,132.0,25
342.0,32.25974655155,60,0.036,7.37e-09,186000000.0,132.0,25
343.0,32.28726959232,60,0.036,7.37e-09,186000000.0,132.0,25
344.0,32.31479263309,60,0.036,7.37e-09,186000000.0,132.0,25
345.0,32.34231567386,60,0.036,7.37e-09,186000000.0,132.0,25
346.0,32.36983871463,60,0.036,7.37e-09,186000000.0,132.0,25
347.0,32.3973617554,60,0.036,7.37e-09,186000000.0,132.0,25
348.0,32.42461357119,60,0.036,7.37e-09,186000000.0,132.0,25
349.0,32.45186538698,60,0.036,7.37e-09,186000000.0,132.0,25
350.0,32.47911720277,60,0.036,7.37e-09,186000000.0,132.0,25
351.0,32.50636901856,60,0.036,7.37e-09,186000000.0,132.0,25
352.0,32.53362083435,60,0.036,7.37e-09,186000000.0,132.0,25
353.0,32.56087265014,60,0.036,7.37e-09,186000000.0,132.0,25
354.0,32.58812446593,60,0.036,7.37e-09,186000000.0,132.0,25
355.0,32.61537628172,60,0.036,7.37e-09,186000000.0,132.0,25
356.0,32.64262809751,60,0.036,7.37e-09,186000000.0,132.0,25
357.0,32.6698799133,60,0.036,7.37e-09,186000000.0,132.0,25
358.0,32.69686241147,60,0.036,7.37e-09,186000000.0,132.0,25
359.0,32.72384490964,60,0.036,7.37e-09,186000000.0,132.0,25
360.0,32.75082740781,60,0.036,7.37e-09,186000000.0,132.0,25
361.0,32.77780990598,60,0.036,7.37e-09,186000000.0,132.0,25
362.0,32.80479240415,60,0.036,7.37e-09,186000000.0,132.0,25
363.0,32.83177490232,60,0.036,7.37e-09,186000000.0,132.0,25
364.0,32.85875740049,60,0.036,7.37e-09,186000000.0,132.0,25
365.0,32.88573989866,60,0.036,7.37e-09,186000000.0,132.0,25
366.0,32.91272239683,60,0.036,7.37e-09,186000000.0,132.0,25
367.0,32.939704895,60,0.036,7.37e-09,186000000.0,132.0,25
368.0,32.9664211273,60,0.036,7.37e-09,186000000.0,132.0,25
369.0,32.9931373596,60,0.036,7.37e-09,186000000.0,132.0,25
370.0,33.0198535919,60,0.036,7.37e-09,186000000.0,132.0,25
371.0,33.0465698242,60,0.036,7.37e-09,186000000.0,132.0,25
372.0,33.0732860565,60,0.036,7.37e-09,186000000.0,132.0,25
373.0,33.1000022888,60,0.036,7.37e-09,186000000.0,132.0,25
374.0,33.1267185211,60,0.036,7.37e-09,186000000.0,132.0,25
375.0,33.1534347534,60,0.036,7.37e-09,186000000.0,132.0,25
376.0,33.1801509857,60,0.036,7.37e-09,186000000.0,132.0,25
377.0,33.206867218,60,0.036,7.37e-09,186000000.0,132.0,25
378.0,33.23331947325,60,0.036,7.37e-09,186000000.0,132.0,25
379.0,33.2597717285,60,0.036,7.37e-09,186000000.0,132.0,25
380.0,33.28622398375,60,0.036,7.37e-09,186000000.0,132.0,25
381.0,33.312676239,60,0.036,7.37e-09,186000000.0,132.0,25
382.0,33.33912849425,60,0.036,7.37e-09,186000000.0,132.0,25
383.0,33.3655807495,60,0.036,7.37e-09,186000000.0,132.0,25
384.0,33.39203300475,60,0.036,7.37e-09,186000000.0,132.0,25
385.0,33.41848526,60,0.036,7.37e-09,186000000.0,132.0,25
386.0,33.44493751525,60,0.036,7.37e-09,186000000.0,132.0,25
387.0,33.4713897705,60,0.036,7.37e-09,186000000.0,132.0,25
388.0,33.49758110046,60,0.036,7.37e-09,186000000.0,132.0,25
389.0,33.52377243042,60,0.036,7.37e-09,186000000.0,132.0,25
390.0,33.54996376038,60,0.036,7.37e-09,186000000.0,132.0,25
391.0,33.57615509034,60,0.036,7.37e-09,186000000.0,132.0,25
392.0,33.6023464203,60,0.036,7.37e-09,186000000.0,132.0,25
393.0,33.62853775026,60,0.036,7.37e-09,186000000.0,132.0,25
394.0,33.65472908022,60,0.036,7.37e-09,186000000.0,132.0,25
395.0,33.68092041018,60,0.036,7.37e-09,186000000.0,132.0,25
396.0,33.70711174014,60,0.036,7.37e-09,186000000.0,132.0,25
397.0,33.7333030701,60,0.036,7.37e-09,186000000.0,132.0,25
398.0,33.75923576358,60,0.036,7.37e-09,186000000.0,132.0,25
399.0,33.78516845706,60,0.036,7.37e-09,186000000.0,132.0,25
400.0,33.81110115054,60,0.036,7.37e-09,186000000.0,132.0,25
401.0,33.83703384402,60,0.036,7.37e-09,186000000.0,132.0,25
402.0,33.8629665375,60,0.036,7.37e-09,186000000.0,132.0,25
403.0,33.88889923098,60,0.036,7.37e-09,186000000.0,132.0,25
404.0,33.91483192446,60,0.036,7.37e-09,186000000.0,132.0,25
405.0,33.94076461794,60,0.036,7.37e-09,186000000.0,132.0,25
406.0,33.96669731142,60,0.036,7.37e-09,186000000.0,132.0,25
407.0,33.9926300049,60,0.036,7.37e-09,186000000.0,132.0,25
408.0,34.01830635072,60,0.036,7.37e-09,186000000.0,132.0,25
409.0,34.04398269654,60,0.036,7.37e-09,186000000.0,132.0,25
410.0,34.06965904236,60,0.036,7.37e-09,186000000.0,132.0,25
411.0,34.09533538818,60,0.036,7.37e-09,186000000.0,132.0,25
412.0,34.121011734,60,0.036,7.37e-09,186000000.0,132.0,25
413.0,34.14668807982,60,0.036,7.37e-09,186000000.0,132.0,25
414.0,34.17236442564,60,0.036,7.37e-09,186000000.0,132.0,25
415.0,34.19804077146,60,0.036,7.37e-09,186000000.0,132.0,25
416.0,34.22371711728,60,0.036,7.37e-09,186000000.0,132.0,25
417.0,34.2493934631,60,0.036,7.37e-09,186000000.0,132.0,25
418.0,34.27481651303,60,0.036,7.37e-09,186000000.0,132.0,25
419.0,34.30023956296,60,0.036,7.37e-09,186000000.0,132.0,25
420.0,34.32566261289,60,0.036,7.37e-09,186000000.0,132.0,25
421.0,34.35108566282,60,0.036,7.37e-09,186000000.0,132.0,25
422.0,34.37650871275,60,0.036,7.37e-09,186000000.0,132.0,25
423.0,34.40193176268,60,0.036,7.37e-09,186000000.0,132.0,25
424.0,34.42735481261,60,0.036,7.37e-09,186000000.0,132.0,25
425.0,34.45277786254,60,0.036,7.37e-09,186000000.0,132.0,25
426.0,34.47820091247,60,0.036,7.37e-09,186000000.0,132.0,25
427.0,34.5036239624,60,0.036,7.37e-09,186000000.0,132.0,25
428.0,34.52879638672,60,0.036,7.37e-09,186000000.0,132.0,25
429.0,34.55396881104,60,0.036,7.37e-09,186000000.0,132.0,25
430.0,34.57914123536,60,0.036,7.37e-09,186000000.0,132.0,25
431.0,34.60431365968,60,0.036,7.37e-09,186000000.0,132.0,25
432.0,34.629486084,60,0.036,7.37e-09,186000000.0,132.0,25
433.0,34.65465850832,60,0.036,7.37e-09,186000000.0,132.0,25
434.0,34.67983093264,60,0.036,7.37e-09,186000000.0,132.0,25
435.0,34.70500335696,60,0.036,7.37e-09,186000000.0,132.0,25
436.0,34.73017578128,60,0.036,7.37e-09,186000000.0,132.0,25
437.0,34.7553482056,60,0.036,7.37e-09,186000000.0,132.0,25
438.0,34.78027153018,60,0.036,7.37e-09,186000000.0,132.0,25
439.0,34.80519485476,60,0.036,7.37e-09,186000000.0,132.0,25
440.0,34.83011817934,60,0.036,7.37e-09,186000000.0,132.0,25
441.0,34.85504150392,60,0.036,7.37e-09,186000000.0,132.0,25
442.0,34.8799648285,60,0.036,7.37e-09,186000000.0,132.0,25
443.0,34.90488815308,60,0.036,7.37e-09,186000000.0,132.0,25
444.0,34.92981147766,60,0.036,7.37e-09,186000000.0,132.0,25
445.0,34.95473480224,60,0.036,7.37e-09,186000000.0,132.0,25
446.0,34.97965812682,60,0.036,7.37e-09,186000000.0,132.0,25
447.0,35.0045814514,60,0.036,7.37e-09,186000000.0,132.0,25
448.0,35.02925910948,60,0.036,7.37e-09,186000000.0,132.0,25
449.0,35.05393676756,60,0.036,7.37e-09,186000000.0,132.0,25
450.0,35.07861442564,60,0.036,7.37e-09,186000000.0,132.0,25
451.0,35.10329208372,60,0.036,7.37e-09,186000000.0,132.0,25
452.0,35.1279697418,60,0.036,7.37e-09,186000000.0,132.0,25
453.0,35.15264739988,60,0.036,7.37e-09,186000000.0,132.0,25
454.0,35.17732505796,60,0.036,7.37e-09,186000000.0,132.0,25
455.0,35.20200271604,60,0.036,7.37e-09,186000000.0,132.0,25
456.0,35.22668037412,60,0.036,7.37e-09,186000000.0,132.0,25
457.0,35.2513580322,60,0.036,7.37e-09,186000000.0,132.0,25
458.0,35.27579193113,60,0.036,7.37e-09,186000000.0,132.0,25
459.0,35.30022583006,60,0.036,7.37e-09,186000000.0,132.0,25
460.0,35.32465972899,60,0.036,7.37e-09,186000000.0,132.0,25
461.0,35.34909362792,60,0.036,7.37e-09,186000000.0,132.0,25
462.0,35.37352752685,60,0.036,7.37e-09,186000000.0,132.0,25
463.0,35.39796142578,60,0.036,7.37e-09,186000000.0,132.0,25
464.0,35.42239532471,60,0.036,7.37e-09,186000000.0,132.0,25
465.0,35.44682922364,60,0.036,7.37e-09,186000000.0,132.0,25
466.0,35.47126312257,60,0.036,7.37e-09,186000000.0,132.0,25
467.0,35.4956970215,60,0.036,7.37e-09,186000000.0,132.0,25
468.0,35.51988945009,60,0.036,7.37e-09,186000000.0,132.0,25
469.0,35.54408187868,60,0.036,7.37e-09,186000000.0,132.0,25
470.0,35.56827430727,60,0.036,7.37e-09,186000000.0,132.0,25
471.0,35.59246673586,60,0.036,7.37e-09,186000000.0,132.0,25
472.0,35.61665916445,60,0.036,7.37e-09,186000000.0,132.0,25
473.0,35.64085159304,60,0.036,7.37e-09,186000000.0,132.0,25
474.0,35.66504402163,60,0.036,7.37e-09,186000000.0,132.0,25
475.0,35.68923645022,60,0.036,7.37e-09,186000000.0,132.0,25
476.0,35.71342887881,60,0.036,7.37e-09,186000000.0,132.0,25
477.0,35.7376213074,60,0.036,7.37e-09,186000000.0,132.0,25
478.0,35.76157531741,60,0.036,7.37e-09,186000000.0,132.0,25
479.0,35.78552932742,60,0.036,7.37e-09,186000000.0,132.0,25
480.0,35.80948333743,60,0.036,7.37e-09,186000000.0,132.0,25
481.0,35.83343734744,60,0.036,7.37e-09,186000000.0,132.0,25
482.0,35.85739135745,60,0.036,7.37e-09,186000000.0,132.0,25
483.0,35.88134536746,60,0.036,7.37e-09,186000000.0,132.0,25
484.0,35.90529937747,60,0.036,7.37e-09,186000000.0,132.0,25
485.0,35.92925338748,60,0.036,7.37e-09,186000000.0,132.0,25
486.0,35.95320739749,60,0.036,7.37e-09,186000000.0,132.0,25
487.0,35.9771614075,60,0.036,7.37e-09,186000000.0,132.0,25
488.0,36.00087852481,60,0.036,7.37e-09,186000000.0,132.0,25
489.0,36.02459564212,60,0.036,7.37e-09,186000000.0,132.0,25
490.0,36.04831275943,60,0.036,7.37e-09,186000000.0,132.0,25
491.0,36.07202987674,60,0.036,7.37e-09,186000000.0,132.0,25
492.0,36.09574699405,60,0.036,7.37e-09,186000000.0,132.0,25
493.0,36.11946411136,60,0.036,7.37e-09,186000000.0,132.0,25
494.0,36.14318122867,60,0.036,7.37e-09,186000000.0,132.0,25
495.0,36.16689834598,60,0.036,7.37e-09,186000000.0,132.0,25
496.0,36.19061546329,60,0.036,7.37e-09,186000000.0,132.0,25
497.0,36.2143325806,60,0.036,7.37e-09,186000000.0,132.0,25
498.0,36.23781585696,60,0.036,7.37e-09,186000000.0,132.0,25
499.0,36.26129913332,60,0.036,7.37e-09,186000000.0,132.0,25
500.0,36.28478240968,60,0.036,7.37e-09,186000000.0,132.0,25
501.0,36.30826568604,60,0.036,7.37e-09,186000000.0,132.0,25
502.0,36.3317489624,60,0.036,7.37e-09,186000000.0,132.0,25
503.0,36.35523223876,60,0.036,7.37e-09,186000000.0,132.0,25
504.0,36.37871551512,60,0.036,7.37e-09,186000000.0,132.0,25
505.0,36.40219879148,60,0.036,7.37e-09,186000000.0,132.0,25
506.0,36.42568206784,60,0.036,7.37e-09,186000000.0,132.0,25
507.0,36.4491653442,60,0.036,7.37e-09,186000000.0,132.0,25
508.0,36.47241668698,60,0.036,7.37e-09,186000000.0,132.0,25
509.0,36.49566802976,60,0.036,7.37e-09,186000000.0,132.0,25
510.0,36.51891937254,60,0.036,7.37e-09,186000000.0,132.0,25
511.0,36.54217071532,60,0.036,7.37e-09,186000000.0,132.0,25
512.0,36.5654220581,60,0.036,7.37e-09,186000000.0,132.0,25
513.0,36.58867340088,60,0.036,7.37e-09,186000000.0,132.0,25
514.0,36.61192474366,60,0.036,7.37e-09,186000000.0,132.0,25
515.0,36.63517608644,60,0.036,7.37e-09,186000000.0,132.0,25
516.0,36.65842742922,60,0.036,7.37e-09,186000000.0,132.0,25
517.0,36.681678772,60,0.036,7.37e-09,186000000.0,132.0,25
518.0,36.70470047,60,0.036,7.37e-09,186000000.0,132.0,25
519.0,36.727722168,60,0.036,7.37e-09,186000000.0,132.0,25
520.0,36.750743866,60,0.036,7.37e-09,186000000.0,132.0,25
521.0,36.773765564,60,0.036,7.37e-09,186000000.0,132.0,25
522.0,36.796787262,60,0.036,7.37e-09,186000000.0,132.0,25
523.0,36.81980896,60,0.036,7.37e-09,186000000.0,132.0,25
524.0,36.842830658,60,0.036,7.37e-09,186000000.0,132.0,25
525.0,36.865852356,60,0.036,7.37e-09,186000000.0,132.0,25
526.0,36.888874054,60,0.036,7.37e-09,186000000.0,132.0,25
527.0,36.911895752,60,0.036,7.37e-09,186000000.0,132.0,25
528.0,36.93469009404,60,0.036,7.37e-09,186000000.0,132.0,25
529.0,36.95748443608,60,0.036,7.37e-09,186000000.0,132.0,25
530.0,36.98027877812,60,0.036,7.37e-09,186000000.0,132.0,25
531.0,37.00307312016,60,0.036,7.37e-09,186000000.0,132.0,25
532.0,37.0258674622,60,0.036,7.37e-09,186000000.0,132.0,25
533.0,37.04866180424,60,0.036,7.37e-09,186000000.0,132.0,25
534.0,37.07145614628,60,0.036,7.37e-09,186000000.0,132.0,25
535.0,37.09425048832,60,0.036,7.37e-09,186000000.0,132.0,25
536.0,37.11704483036,60,0.036,7.37e-09,186000000.0,132.0,25
537.0,37.1398391724,60,0.036,7.37e-09,186000000.0,132.0,25
538.0,37.16240882877,60,0.036,7.37e-09,186000000.0,132.0,25
539.0,37.18497848514,60,0.036,7.37e-09,186000000.0,132.0,25
540.0,37.20754814151,60,0.036,7.37e-09,186000000.0,132.0,25
541.0,37.23011779788,60,0.036,7.37e-09,186000000.0,132.0,25
542.0,37.25268745425,60,0.036,7.37e-09,186000000.0,132.0,25
543.0,37.27525711062,60,0.036,7.37e-09,186000000.0,132.0,25
544.0,37.29782676699,60,0.036,7.37e-09,186000000.0,132.0,25
545.0,37.32039642336,60,0.036,7.37e-09,186000000.0,132.0,25
546.0,37.34296607973,60,0.036,7.37e-09,186000000.0,132.0,25
547.0,37.3655357361,60,0.036,7.37e-09,186000000.0,132.0,25
548.0,37.38788223268,60,0.036,7.37e-09,186000000.0,132.0,25
549.0,37.41022872926,60,0.036,7.37e-09,186000000.0,132.0,25
550.0,37.43257522584,60,0.036,7.37e-09,186000000.0,132.0,25
551.0,37.45492172242,60,0.036,7.37e-09,186000000.0,132.0,25
552.0,37.477268219,60,0.036,7.37e-09,186000000.0,132.0,25
553.0,37.49961471558,60,0.036,7.37e-09,186000000.0,132.0,25
554.0,37.52196121216,60,0.036,7.37e-09,186000000.0,132.0,25
555.0,37.54430770874,60,0.036,7.37e-09,186000000.0,132.0,25
556.0,37.56665420532,60,0.036,7.37e-09,186000000.0,132.0,25
557.0,37.5890007019,60,0.036,7.37e-09,186000000.0,132.0,25
558.0,37.61112670898,60,0.036,7.37e-09,186000000.0,132.0,25
559.0,37.63325271606,60,0.036,7.37e-09,186000000.0,132.0,25
560.0,37.65537872314,60,0.036,7.37e-09,186000000.0,132.0,25
561.0,37.67750473022,60,0.036,7.37e-09,186000000.0,132.0,25
562.0,37.6996307373,60,0.036,7.37e-09,186000000.0,132.0,25
563.0,37.72175674438,60,0.036,7.37e-09,186000000.0,132.0,25
564.0,37.74388275146,60,0.036,7.37e-09,186000000.0,132.0,25
565.0,37.76600875854,60,0.036,7.37e-09,186000000.0,132.0,25
566.0,37.78813476562,60,0.036,7.37e-09,186000000.0,132.0,25
567.0,37.8102607727,60,0.036,7.37e-09,186000000.0,132.0,25
568.0,37.83216819763,60,0.036,7.37e-09,186000000.0,132.0,25
569.0,37.85407562256,60,0.036,7.37e-09,186000000.0,132.0,25
570.0,37.87598304749,60,0.036,7.37e-09,186000000.0,132.0,25
571.0,37.89789047242,60,0.036,7.37e-09,186000000.0,132.0,25
572.0,37.91979789735,60,0.036,7.37e-09,186000000.0,132.0,25
573.0,37.94170532228,60,0.036,7.37e-09,186000000.0,132.0,25
574.0,37.96361274721,60,0.036,7.37e-09,186000000.0,132.0,25
575.0,37.98552017214,60,0.036,7.37e-09,186000000.0,132.0,25
576.0,38.00742759707,60,0.036,7.37e-09,186000000.0,132.0,25
577.0,38.029335022,60,0.036,7.37e-09,186000000.0,132.0,25
578.0,38.05102615359,60,0.036,7.37e-09,186000000.0,132.0,25
579.0,38.07271728518,60,0.036,7.37e-09,186000000.0,132.0,25
580.0,38.09440841677,60,0.036,7.37e-09,186000000.0,132.0,25
581.0,38.11609954836,60,0.036,7.37e-09,186000000.0,132.0,25
582.0,38.13779067995,60,0.036,7.37e-09,186000000.0,132.0,25
583.0,38.15948181154,60,0.036,7.37e-09,186000000.0,132.0,25
584.0,38.18117294313,60,0.036,7.37e-09,186000000.0,132.0,25
585.0,38.20286407472,60,0.036,7.37e-09,186000000.0,132.0,25
586.0,38.22455520631,60,0.036,7.37e-09,186000000.0,132.0,25
587.0,38.2462463379,60,0.036,7.37e-09,186000000.0,132.0,25
588.0,38.26772346497,60,0.036,7.37e-09,186000000.0,132.0,25
589.0,38.28920059204,60,0.036,7.37e-09,186000000.0,132.0,25
590.0,38.31067771911,60,0.036,7.37e-09,186000000.0,132.0,25
591.0,38.33215484618,60,0.036,7.37e-09,186000000.0,132.0,25
592.0,38.35363197325,60,0.036,7.37e-09,186000000.0,132.0,25
593.0,38.37510910032,60,0.036,7.37e-09,186000000.0,132.0,25
594.0,38.39658622739,60,0.036,7.37e-09,186000000.0,132.0,25
595.0,38.41806335446,60,0.036,7.37e-09,186000000.0,132.0,25
596.0,38.43954048153,60,0.036,7.37e-09,186000000.0,132.0,25
597.0,38.4610176086,60,0.036,7.37e-09,186000000.0,132.0,25
598.0,38.48228263851,60,0.036,7.37e-09,186000000.0,132.0,25
599.0,38.50354766842,60,0.036,7.37e-09,186000000.0,132.0,25
600.0,38.52481269833,60,0.036,7.37e-09,186000000.0,132.0,25
601.0,38.54607772824,60,0.036,7.37e-09,186000000.0,132.0,25
602.0,38.56734275815,60,0.036,7.37e-09,186000000.0,132.0,25
603.0,38.58860778806,60,0.036,7.37e-09,186000000.0,132.0,25
604.0,38.60987281797,60,0.036,7.37e-09,186000000.0,132.0,25
605.0,38.63113784788,60,0.036,7.37e-09,186000000.0,132.0,25
606.0,38.65240287779,60,0.036,7.37e-09,186000000.0,132.0,25
607.0,38.6736679077,60,0.036,7.37e-09,186000000.0,132.0,25
608.0,38.69472312926,60,0.036,7.37e-09,186000000.0,132.0,25
609.0,38.71577835082,60,0.036,7.37e-09,186000000.0,132.0,25
610.0,38.73683357238,60,0.036,7.37e-09,186000000.0,132.0,25
611.0,38.75788879394,60,0.036,7.37e-09,186000000.0,132.0,25
612.0,38.7789440155,60,0.036,7.37e-09,186000000.0,132.0,25
613.0,38.79999923706,60,0.036,7.37e-09,186000000.0,132.0,25
614.0,38.82105445862,60,0.036,7.37e-09,186000000.0,132.0,25
615.0,38.84210968018,60,0.036,7.37e-09,186000000.0,132.0,25
616.0,38.86316490174,60,0.036,7.37e-09,186000000.0,132.0,25
617.0,38.8842201233,60,0.036,7.37e-09,186000000.0,132.0,25
618.0,38.90506744386,60,0.036,7.37e-09,186000000.0,132.0,25
619.0,38.92591476442,60,0.036,7.37e-09,186000000.0,132.0,25
620.0,38.94676208498,60,0.036,7.37e-09,186000000.0,132.0,25
621.0,38.96760940554,60,0.036,7.37e-09,186000000.0,132.0,25
622.0,38.9884567261,60,0.036,7.37e-09,186000000.0,132.0,25
623.0,39.00930404666,60,0.036,7.37e-09,186000000.0,132.0,25
624.0,39.03015136722,60,0.036,7.37e-09,186000000.0,132.0,25
625.0,39.05099868778,60,0.036,7.37e-09,186000000.0,132.0,25
626.0,39.07184600834,60,0.036,7.37e-09,186000000.0,132.0,25
627.0,39.0926933289,60,0.036,7.37e-09,186000000.0,132.0,25
628.0,39.1133346558,60,0.036,7.37e-09,186000000.0,132.0,25
629.0,39.1339759827,60,0.036,7.37e-09,186000000.0,132.0,25
630.0,39.1546173096,60,0.036,7.37e-09,186000000.0,132.0,25
631.0,39.1752586365,60,0.036,7.37e-09,186000000.0,132.0,25
632.0,39.1958999634,60,0.036,7.37e-09,186000000.0,132.0,25
633.0,39.2165412903,60,0.036,7.37e-09,186000000.0,132.0,25
634.0,39.2371826172,60,0.036,7.37e-09,186000000.0,132.0,25
635.0,39.2578239441,60,0.036,7.37e-09,186000000.0,132.0,25
636.0,39.278465271,60,0.036,7.37e-09,186000000.0,132.0,25
637.0,39.2991065979,60,0.036,7.37e-09,186000000.0,132.0,25
638.0,39.31954421997,60,0.036,7.37e-09,186000000.0,132.0,25
639.0,39.33998184204,60,0.036,7.37e-09,186000000.0,132.0,25
640.0,39.36041946411,60,0.036,7.37e-09,186000000.0,132.0,25
641.0,39.38085708618,60,0.036,7.37e-09,186000000.0,132.0,25
642.0,39.40129470825,60,0.036,7.37e-09,186000000.0,132.0,25
643.0,39.42173233032,60,0.036,7.37e-09,186000000.0,132.0,25
644.0,39.44216995239,60,0.036,7.37e-09,186000000.0,132.0,25
645.0,39.46260757446,60,0.036,7.37e-09,186000000.0,132.0,25
646.0,39.48304519653,60,0.036,7.37e-09,186000000.0,132.0,25
647.0,39.5034828186,60,0.036,7.37e-09,186000000.0,132.0,25
648.0,39.52371864319,60,0.036,7.37e-09,186000000.0,132.0,25
649.0,39.54395446778,60,0.036,7.37e-09,186000000.0,132.0,25
650.0,39.56419029237,60,0.036,7.37e-09,186000000.0,132.0,25
651.0,39.58442611696,60,0.036,7.37e-09,186000000.0,132.0,25
652.0,39.60466194155,60,0.036,7.37e-09,186000000.0,132.0,25
653.0,39.62489776614,60,0.036,7.37e-09,186000000.0,132.0,25
654.0,39.64513359073,60,0.036,7.37e-09,186000000.0,132.0,25
655.0,39.66536941532,60,0.036,7.37e-09,186000000.0,132.0,25
656.0,39.68560523991,60,0.036,7.37e-09,186000000.0,132.0,25
657.0,39.7058410645,60,0.036,7.37e-09,186000000.0,132.0,25
658.0,39.72587699894,60,0.036,7.37e-09,186000000.0,132.0,25
659.0,39.74591293338,60,0.036,7.37e-09,186000000.0,132.0,25
660.0,39.76594886782,60,0.036,7.37e-09,186000000.0,132.0,25
661.0,39.78598480226,60,0.036,7.37e-09,186000000.0,132.0,25
662.0,39.8060207367,60,0.036,7.37e-09,186000000.0,132.0,25
663.0,39.82605667114,60,0.036,7.37e-09,186000000.0,132.0,25
664.0,39.84609260558,60,0.036,7.37e-09,186000000.0,132.0,25
665.0,39.86612854002,60,0.036,7.37e-09,186000000.0,132.0,25
666.0,39.88616447446,60,0.036,7.37e-09,186000000.0,132.0,25
667.0,39.9062004089,60,0.036,7.37e-09,186000000.0,132.0,25
668.0,39.92603874203,60,0.036,7.37e-09,186000000.0,132.0,25
669.0,39.94587707516,60,0.036,7.37e-09,186000000.0,132.0,25
670.0,39.96571540829,60,0.036,7.37e-09,186000000.0,132.0,25
671.0,39.98555374142,60,0.036,7.37e-09,186000000.0,132.0,25
672.0,40.00539207455,60,0.036,7.37e-09,186000000.0,132.0,25
673.0,40.02523040768,60,0.036,7.37e-09,186000000.0,132.0,25
674.0,40.04506874081,60,0.036,7.37e-09,186000000.0,132.0,25
675.0,40.06490707394,60,0.036,7.37e-09,186000000.0,132.0,25
676.0,40.08474540707,60,0.036,7.37e-09,186000000.0,132.0,25
677.0,40.1045837402,60,0.036,7.37e-09,186000000.0,132.0,25
678.0,40.12422599789,60,0.036,7.37e-09,186000000.0,132.0,25
679.0,40.14386825558,60,0.036,7.37e-09,186000000.0,132.0,25
680.0,40.16351051327,60,0.036,7.37e-09,186000000.0,132.0,25
681.0,40.18315277096,60,0.036,7.37e-09,186000000.0,132.0,25
682.0,40.20279502865,60,0.036,7.37e-09,186000000.0,132.0,25
683.0,40.22243728634,60,0.036,7.37e-09,186000000.0,132.0,25
684.0,40.24207954403,60,0.036,7.37e-09,186000000.0,132.0,25
685.0,40.26172180172,60,0.036,7.37e-09,186000000.0,132.0,25
686.0,40.28136405941,60,0.036,7.37e-09,186000000.0,132.0,25
687.0,40.3010063171,60,0.036,7.37e-09,186000000.0,132.0,25
688.0,40.32045478817,60,0.036,7.37e-09,186000000.0,132.0,25
689.0,40.33990325924,60,0.036,7.37e-09,186000000.0,132.0,25
690.0,40.35935173031,60,0.036,7.37e-09,186000000.0,132.0,25
691.0,40.37880020138,60,0.036,7.37e-09,186000000.0,132.0,25
692.0,40.39824867245,60,0.036,7.37e-09,186000000.0,132.0,25
693.0,40.41769714352,60,0.036,7.37e-09,186000000.0,132.0,25
694.0,40.43714561459,60,0.036,7.37e-09,186000000.0,132.0,25
695.0,40.45659408566,60,0.036,7.37e-09,186000000.0,132.0,25
696.0,40.47604255673,60,0.036,7.37e-09,186000000.0,132.0,25
697.0,40.4954910278,60,0.036,7.37e-09,186000000.0,132.0,25
698.0,40.5147476196,60,0.036,7.37e-09,186000000.0,132.0,25
699.0,40.5340042114,60,0.036,7.37e-09,186000000.0,132.0,25
700.0,40.5532608032,60,0.036,7.37e-09,186000000.0,132.0,25
701.0,40.572517395,60,0.036,7.37e-09,186000000.0,132.0,25
702.0,40.5917739868,60,0.036,7.37e-09,186000000.0,132.0,25
703.0,40.6110305786,60,0.036,7.37e-09,186000000.0,132.0,25
704.0,40.6302871704,60,0.036,7.37e-09,186000000.0,132.0,25
705.0,40.6495437622,60,0.036,7.37e-09,186000000.0,132.0,25
706.0,40.668800354,60,0.036,7.37e-09,186000000.0,132.0,25
707.0,40.6880569458,60,0.036,7.37e-09,186000000.0,132.0,25
708.0,40.7071231842,60,0.036,7.37e-09,186000000.0,132.0,25
709.0,40.7261894226,60,0.036,7.37e-09,186000000.0,132.0,25
710.0,40.745255661,60,0.036,7.37e-09,186000000.0,132.0,25
711.0,40.7643218994,60,0.036,7.37e-09,186000000.0,132.0,25
712.0,40.7833881378,60,0.036,7.37e-09,186000000.0,132.0,25
713.0,40.8024543762,60,0.036,7.37e-09,186000000.0,132.0,25
714.0,40.8215206146,60,0.036,7.37e-09,186000000.0,132.0,25
715.0,40.840586853,60,0.036,7.37e-09,186000000.0,132.0,25
716.0,40.8596530914,60,0.036,7.37e-09,186000000.0,132.0,25
717.0,40.8787193298,60,0.036,7.37e-09,186000000.0,132.0,25
718.0,40.89759750363,60,0.036,7.37e-09,186000000.0,132.0,25
719.0,40.91647567746,60,0.036,7.37e-09,186000000.0,132.0,25
720.0,40.93535385129,60,0.036,7.37e-09,186000000.0,132.0,25
721.0,40.95423202512,60,0.036,7.37e-09,186000000.0,132.0,25
722.0,40.97311019895,60,0.036,7.37e-09,186000000.0,132.0,25
723.0,40.99198837278,60,0.036,7.37e-09,186000000.0,132.0,25
724.0,41.01086654661,60,0.036,7.37e-09,186000000.0,132.0,25
725.0,41.02974472044,60,0.036,7.37e-09,186000000.0,132.0,25
726.0,41.04862289427,60,0.036,7.37e-09,186000000.0,132.0,25
727.0,41.0675010681,60,0.036,7.37e-09,186000000.0,132.0,25
728.0,41.08619270323,60,0.036,7.37e-09,186000000.0,132.0,25
729.0,41.10488433836,60,0.036,7.37e-09,186000000.0,132.0,25
730.0,41.12357597349,60,0.036,7.37e-09,186000000.0,132.0,25
731.0,41.14226760862,60,0.036,7.37e-09,186000000.0,132.0,25
732.0,41.16095924375,60,0.036,7.37e-09,186000000.0,132.0,25
733.0,41.17965087888,60,0.036,7.37e-09,186000000.0,132.0,25
734.0,41.19834251401,60,0.036,7.37e-09,186000000.0,132.0,25
735.0,41.21703414914,60,0.036,7.37e-09,186000000.0,132.0,25
736.0,41.23572578427,60,0.036,7.37e-09,186000000.0,132.0,25
737.0,41.2544174194,60,0.036,7.37e-09,186000000.0,132.0,25
738.0,41.27292480466,60,0.036,7.37e-09,186000000.0,132.0,25
739.0,41.29143218992,60,0.036,7.37e-09,186000000.0,132.0,25
740.0,41.30993957518,60,0.036,7.37e-09,186000000.0,132.0,25
741.0,41.32844696044,60,0.036,7.37e-09,186000000.0,132.0,25
742.0,41.3469543457,60,0.036,7.37e-09,186000000.0,132.0,25
743.0,41.36546173096,60,0.036,7.37e-09,186000000.0,132.0,25
744.0,41.38396911622,60,0.036,7.37e-09,186000000.0,132.0,25
745.0,41.40247650148,60,0.036,7.37e-09,186000000.0,132.0,25
746.0,41.42098388674,60,0.036,7.37e-09,186000000.0,132.0,25
747.0,41.439491272,60,0.036,7.37e-09,186000000.0,132.0,25
748.0,41.45781555178,60,0.036,7.37e-09,186000000.0,132.0,25
749.0,41.47613983156,60,0.036,7.37e-09,186000000.0,132.0,25
750.0,41.49446411134,60,0.036,7.37e-09,186000000.0,132.0,25
751.0,41.51278839112,60,0.036,7.37e-09,186000000.0,132.0,25
752.0,41.5311126709,60,0.036,7.37e-09,186000000.0,132.0,25
753.0,41.54943695068,60,0.036,7.37e-09,186000000.0,132.0,25
754.0,41.56776123046,60,0.036,7.37e-09,186000000.0,132.0,25
755.0,41.58608551024,60,0.036,7.37e-09,186000000.0,132.0,25
756.0,41.60440979002,60,0.036,7.37e-09,186000000.0,132.0,25
757.0,41.6227340698,60,0.036,7.37e-09,186000000.0,132.0,25
758.0,41.64087753294,60,0.036,7.37e-09,186000000.0,132.0,25
759.0,41.65902099608,60,0.036,7.37e-09,186000000.0,132.0,25
760.0,41.67716445922,60,0.036,7.37e-09,186000000.0,132.0,25
761.0,41.69530792236,60,0.036,7.37e-09,186000000.0,132.0,25
762.0,41.7134513855,60,0.036,7.37e-09,186000000.0,132.0,25
763.0,41.73159484864,60,0.036,7.37e-09,186000000.0,132.0,25
764.0,41.74973831178,60,0.036,7.37e-09,186000000.0,132.0,25
765.0,41.76788177492,60,0.036,7.37e-09,186000000.0,132.0,25
766.0,41.78602523806,60,0.036,7.37e-09,186000000.0,132.0,25
767.0,41.8041687012,60,0.036,7.37e-09,186000000.0,132.0,25
768.0,41.82213325503,60,0.036,7.37e-09,186000000.0,132.0,25
769.0,41.84009780886,60,0.036,7.37e-09,186000000.0,132.0,25
770.0,41.85806236269,60,0.036,7.37e-09,186000000.0,132.0,25
771.0,41.87602691652,60,0.036,7.37e-09,186000000.0,132.0,25
772.0,41.89399147035,60,0.036,7.37e-09,186000000.0,132.0,25
773.0,41.91195602418,60,0.036,7.37e-09,186000000.0,132.0,25
774.0,41.92992057801,60,0.036,7.37e-09,186000000.0,132.0,25
775.0,41.94788513184,60,0.036,7.37e-09,186000000.0,132.0,25
776.0,41.96584968567,60,0.036,7.37e-09,186000000.0,132.0,25
777.0,41.9838142395,60,0.036,7.37e-09,186000000.0,132.0,25
778.0,42.00160140991,60,0.036,7.37e-09,186000000.0,132.0,25
779.0,42.01938858032,60,0.036,7.37e-09,186000000.0,132.0,25
780.0,42.03717575073,60,0.036,7.37e-09,186000000.0,132.0,25
781.0,42.05496292114,60,0.036,7.37e-09,186000000.0,132.0,25
782.0,42.07275009155,60,0.036,7.37e-09,186000000.0,132.0,25
783.0,42.09053726196,60,0.036,7.37e-09,186000000.0,132.0,25
784.0,42.10832443237,60,0.036,7.37e-09,186000000.0,132.0,25
785.0,42.12611160278,60,0.036,7.37e-09,186000000.0,132.0,25
786.0,42.14389877319,60,0.036,7.37e-09,186000000.0,132.0,25
787.0,42.1616859436,60,0.036,7.37e-09,186000000.0,132.0,25
788.0,42.17929725647,60,0.036,7.37e-09,186000000.0,132.0,25
789.0,42.19690856934,60,0.036,7.37e-09,186000000.0,132.0,25
790.0,42.21451988221,60,0.036,7.37e-09,186000000.0,132.0,25
791.0,42.23213119508,60,0.036,7.37e-09,186000000.0,132.0,25
792.0,42.24974250795,60,0.036,7.37e-09,186000000.0,132.0,25
793.0,42.26735382082,60,0.036,7.37e-09,186000000.0,132.0,25
794.0,42.28496513369,60,0.036,7.37e-09,186000000.0,132.0,25
795.0,42.30257644656,60,0.036,7.37e-09,186000000.0,132.0,25
796.0,42.32018775943,60,0.036,7.37e-09,186000000.0,132.0,25
797.0,42.3377990723,60,0.036,7.37e-09,186000000.0,132.0,25
798.0,42.35523643497,60,0.036,7.37e-09,186000000.0,132.0,25
799.0,42.37267379764,60,0.036,7.37e-09,186000000.0,132.0,25
800.0,42.39011116031,60,0.036,7.37e-09,186000000.0,132.0,25
801.0,42.40754852298,60,0.036,7.37e-09,186000000.0,132.0,25
802.0,42.42498588565,60,0.036,7.37e-09,186000000.0,132.0,25
803.0,42.44242324832,60,0.036,7.37e-09,186000000.0,132.0,25
804.0,42.45986061099,60,0.036,7.37e-09,186000000.0,132.0,25
805.0,42.47729797366,60,0.036,7.37e-09,186000000.0,132.0,25
806.0,42.49473533633,60,0.036,7.37e-09,186000000.0,132.0,25
807.0,42.512172699,60,0.036,7.37e-09,186000000.0,132.0,25
808.0,42.52943840029,60,0.036,7.37e-09,186000000.0,132.0,25
809.0,42.54670410158,60,0.036,7.37e-09,186000000.0,132.0,25
810.0,42.56396980287,60,0.036,7.37e-09,186000000.0,132.0,25
811.0,42.58123550416,60,0.036,7.37e-09,186000000.0,132.0,25
812.0,42.59850120545,60,0.036,7.37e-09,186000000.0,132.0,25
813.0,42.61576690674,60,0.036,7.37e-09,186000000.0,132.0,25
814.0,42.63303260803,60,0.036,7.37e-09,186000000.0,132.0,25
815.0,42.65029830932,60,0.036,7.37e-09,186000000.0,132.0,25
816.0,42.66756401061,60,0.036,7.37e-09,186000000.0,132.0,25
817.0,42.6848297119,60,0.036,7.37e-09,186000000.0,132.0,25
818.0,42.70192451476,60,0.036,7.37e-09,186000000.0,132.0,25
819.0,42.71901931762,60,0.036,7.37e-09,186000000.0,132.0,25
820.0,42.73611412048,60,0.036,7.37e-09,186000000.0,132.0,25
821.0,42.75320892334,60,0.036,7.37e-09,186000000.0,132.0,25
822.0,42.7703037262,60,0.036,7.37e-09,186000000.0,132.0,25
823.0,42.78739852906,60,0.036,7.37e-09,186000000.0,132.0,25
824.0,42.80449333192,60,0.036,7.37e-09,186000000.0,132.0,25
825.0,42.82158813478,60,0.036,7.37e-09,186000000.0,132.0,25
826.0,42.83868293764,60,0.036,7.37e-09,186000000.0,132.0,25
827.0,42.8557777405,60,0.036,7.37e-09,186000000.0,132.0,25
828.0,42.87270393374,60,0.036,7.37e-09,186000000.0,132.0,25
829.0,42.88963012698,60,0.036,7.37e-09,186000000.0,132.0,25
830.0,42.90655632022,60,0.036,7.37e-09,186000000.0,132.0,25
831.0,42.92348251346,60,0.036,7.37e-09,186000000.0,132.0,25
832.0,42.9404087067,60,0.036,7.37e-09,186000000.0,132.0,25
833.0,42.95733489994,60,0.036,7.37e-09,186000000.0,132.0,25
834.0,42.97426109318,60,0.036,7.37e-09,186000000.0,132.0,25
835.0,42.99118728642,60,0.036,7.37e-09,186000000.0,132.0,25
836.0,43.00811347966,60,0.036,7.37e-09,186000000.0,132.0,25
837.0,43.0250396729,60,0.036,7.37e-09,186000000.0,132.0,25
838.0,43.04179878239,60,0.036,7.37e-09,186000000.0,132.0,25
839.0,43.05855789188,60,0.036,7.37e-09,186000000.0,132.0,25
840.0,43.07531700137,60,0.036,7.37e-09,186000000.0,132.0,25
841.0,43.09207611086,60,0.036,7.37e-09,186000000.0,132.0,25
842.0,43.10883522035,60,0.036,7.37e-09,186000000.0,132.0,25
843.0,43.12559432984,60,0.036,7.37e-09,186000000.0,132.0,25
844.0,43.14235343933,60,0.036,7.37e-09,186000000.0,132.0,25
845.0,43.15911254882,60,0.036,7.37e-09,186000000.0,132.0,25
846.0,43.17587165831,60,0.036,7.37e-09,186000000.0,132.0,25
847.0,43.1926307678,60,0.036,7.37e-09,186000000.0,132.0,25
848.0,43.20922431944,60,0.036,7.37e-09,186000000.0,132.0,25
849.0,43.22581787108,60,0.036,7.37e-09,186000000.0,132.0,25
850.0,43.24241142272,60,0.036,7.37e-09,186000000.0,132.0,25
851.0,43.25900497436,60,0.036,7.37e-09,186000000.0,132.0,25
852.0,43.275598526,60,0.036,7.37e-09,186000000.0,132.0,25
853.0,43.29219207764,60,0.036,7.37e-09,186000000.0,132.0,25
854.0,43.30878562928,60,0.036,7.37e-09,186000000.0,132.0,25
855.0,43.32537918092,60,0.036,7.37e-09,186000000.0,132.0,25
856.0,43.34197273256,60,0.036,7.37e-09,186000000.0,132.0,25
857.0,43.3585662842,60,0.036,7.37e-09,186000000.0,132.0,25
858.0,43.37499618532,60,0.036,7.37e-09,186000000.0,132.0,25
859.0,43.39142608644,60,0.036,7.37e-09,186000000.0,132.0,25
860.0,43.40785598756,60,0.036,7.37e-09,186000000.0,132.0,25
861.0,43.42428588868,60,0.036,7.37e-09,186000000.0,132.0,25
862.0,43.4407157898,60,0.036,7.37e-09,186000000.0,132.0,25
863.0,43.45714569092,60,0.036,7.37e-09,186000000.0,132.0,25
864.0,43.47357559204,60,0.036,7.37e-09,186000000.0,132.0,25
865.0,43.49000549316,60,0.036,7.37e-09,186000000.0,132.0,25
866.0,43.50643539428,60,0.036,7.37e-09,186000000.0,132.0,25
867.0,43.5228652954,60,0.036,7.37e-09,186000000.0,132.0,25
868.0,43.53913269042,60,0.036,7.37e-09,186000000.0,132.0,25
869.0,43.55540008544,60,0.036,7.37e-09,186000000.0,132.0,25
870.0,43.57166748046,60,0.036,7.37e-09,186000000.0,132.0,25
871.0,43.58793487548,60,0.036,7.37e-09,186000000.0,132.0,25
872.0,43.6042022705,60,0.036,7.37e-09,186000000.0,132.0,25
873.0,43.62046966552,60,0.036,7.37e-09,186000000.0,132.0,25
874.0,43.63673706054,60,0.036,7.37e-09,186000000.0,132.0,25
875.0,43.65300445556,60,0.036,7.37e-09,186000000.0,132.0,25
876.0,43.66927185058,60,0.036,7.37e-09,186000000.0,132.0,25
877.0,43.6855392456,60,0.036,7.37e-09,186000000.0,132.0,25
878.0,43.70164642333,60,0.036,7.37e-09,186000000.0,132.0,25
879.0,43.71775360106,60,0.036,7.37e-09,186000000.0,132.0,25
880.0,43.73386077879,60,0.036,7.37e-09,186000000.0,132.0,25
881.0,43.74996795652,60,0.036,7.37e-09,186000000.0,132.0,25
882.0,43.76607513425,60,0.036,7.37e-09,186000000.0,132.0,25
883.0,43.78218231198,60,0.036,7.37e-09,186000000.0,132.0,25
884.0,43.79828948971,60,0.036,7.37e-09,186000000.0,132.0,25
885.0,43.81439666744,60,0.036,7.37e-09,186000000.0,132.0,25
886.0,43.83050384517,60,0.036,7.37e-09,186000000.0,132.0,25
887.0,43.8466110229,60,0.036,7.37e-09,186000000.0,132.0,25
888.0,43.86255874629,60,0.036,7.37e-09,186000000.0,132.0,25
889.0,43.87850646968,60,0.036,7.37e-09,186000000.0,132.0,25
890.0,43.89445419307,60,0.036,7.37e-09,186000000.0,132.0,25
891.0,43.91040191646,60,0.036,7.37e-09,186000000.0,132.0,25
892.0,43.92634963985,60,0.036,7.37e-09,186000000.0,132.0,25
893.0,43.94229736324,60,0.036,7.37e-09,186000000.0,132.0,25
894.0,43.95824508663,60,0.036,7.37e-09,186000000.0,132.0,25
895.0,43.97419281002,60,0.036,7.37e-09,186000000.0,132.0,25
896.0,43.99014053341,60,0.036,7.37e-09,186000000.0,132.0,25
897.0,44.0060882568,60,0.036,7.37e-09,186000000.0,132.0,25
898.0,44.02187881466,60,0.036,7.37e-09,186000000.0,132.0,25
899.0,44.03766937252,60,0.036,7.37e-09,186000000.0,132.0,25
900.0,44.05345993038,60,0.036,7.37e-09,186000000.0,132.0,25
901.0,44.06925048824,60,0.036,7.37e-09,186000000.0,132.0,25
902.0,44.0850410461,60,0.036,7.37e-09,186000000.0,132.0,25
903.0,44.10083160396,60,0.036,7.37e-09,186000000.0,132.0,25
904.0,44.11662216182,60,0.036,7.37e-09,186000000.0,132.0,25
905.0,44.13241271968,60,0.036,7.37e-09,186000000.0,132.0,25
906.0,44.14820327754,60,0.036,7.37e-09,186000000.0,132.0,25
907.0,44.1639938354,60,0.036,7.37e-09,186000000.0,132.0,25
908.0,44.17962837215,60,0.036,7.37e-09,186000000.0,132.0,25
909.0,44.1952629089,60,0.036,7.37e-09,186000000.0,132.0,25
910.0,44.21089744565,60,0.036,7.37e-09,186000000.0,132.0,25
911.0,44.2265319824,60,0.036,7.37e-09,186000000.0,132.0,25
912.0,44.24216651915,60,0.036,7.37e-09,186000000.0,132.0,25
913.0,44.2578010559,60,0.036,7.37e-09,186000000.0,132.0,25
914.0,44.27343559265,60,0.036,7.37e-09,186000000.0,132.0,25
915.0,44.2890701294,60,0.036,7.37e-09,186000000.0,132.0,25
916.0,44.30470466615,60,0.036,7.37e-09,186000000.0,132.0,25
917.0,44.3203392029,60,0.036,7.37e-09,186000000.0,132.0,25
918.0,44.33581962587,60,0.036,7.37e-09,186000000.0,132.0,25
919.0,44.35130004884,60,0.036,7.37e-09,186000000.0,132.0,25
920.0,44.36678047181,60,0.036,7.37e-09,186000000.0,132.0,25
921.0,44.38226089478,60,0.036,7.37e-09,186000000.0,132.0,25
922.0,44.39774131775,60,0.036,7.37e-09,186000000.0,132.0,25
923.0,44.41322174072,60,0.036,7.37e-09,186000000.0,132.0,25
924.0,44.42870216369,60,0.036,7.37e-09,186000000.0,132.0,25
925.0,44.44418258666,60,0.036,7.37e-09,186000000.0,132.0,25
926.0,44.45966300963,60,0.036,7.37e-09,186000000.0,132.0,25
927.0,44.4751434326,60,0.036,7.37e-09,186000000.0,132.0,25
928.0,44.49047088622,60,0.036,7.37e-09,186000000.0,132.0,25
929.0,44.50579833984,60,0.036,7.37e-09,186000000.0,132.0,25
930.0,44.52112579346,60,0.036,7.37e-09,186000000.0,132.0,25
931.0,44.53645324708,60,0.036,7.37e-09,186000000.0,132.0,25
932.0,44.5517807007,60,0.036,7.37e-09,186000000.0,132.0,25
933.0,44.56710815432,60,0.036,7.37e-09,186000000.0,132.0,25
934.0,44.58243560794,60,0.036,7.37e-09,186000000.0,132.0,25
935.0,44.59776306156,60,0.036,7.37e-09,186000000.0,132.0,25
936.0,44.61309051518,60,0.036,7.37e-09,186000000.0,132.0,25
937.0,44.6284179688,60,0.036,7.37e-09,186000000.0,132.0,25
938.0,44.64359397893,60,0.036,7.37e-09,186000000.0,132.0,25
939.0,44.65876998906,60,0.036,7.37e-09,186000000.0,132.0,25
940.0,44.67394599919,60,0.036,7.37e-09,186000000.0,132.0,25
941.0,44.68912200932,60,0.036,7.37e-09,186000000.0,132.0,25
942.0,44.70429801945,60,0.036,7.37e-09,186000000.0,132.0,25
943.0,44.71947402958,60,0.036,7.37e-09,186000000.0,132.0,25
944.0,44.73465003971,60,0.036,7.37e-09,186000000.0,132.0,25
945.0,44.74982604984,60,0.036,7.37e-09,186000000.0,132.0,25
946.0,44.76500205997,60,0.036,7.37e-09,186000000.0,132.0,25
947.0,44.7801780701,60,0.036,7.37e-09,186000000.0,132.0,25
948.0,44.79520416263,60,0.036,7.37e-09,186000000.0,132.0,25
949.0,44.81023025516,60,0.036,7.37e-09,186000000.0,132.0,25
950.0,44.82525634769,60,0.036,7.37e-09,186000000.0,132.0,25
951.0,44.84028244022,60,0.036,7.37e-09,186000000.0,132.0,25
952.0,44.85530853275,60,0.036,7.37e-09,186000000.0,132.0,25
953.0,44.87033462528,60,0.036,7.37e-09,186000000.0,132.0,25
954.0,44.88536071781,60,0.036,7.37e-09,186000000.0,132.0,25
955.0,44.90038681034,60,0.036,7.37e-09,186000000.0,132.0,25
956.0,44.91541290287,60,0.036,7.37e-09,186000000.0,132.0,25
957.0,44.9304389954,60,0.036,7.37e-09,186000000.0,132.0,25
958.0,44.94531707767,60,0.036,7.37e-09,186000000.0,132.0,25
959.0,44.96019515994,60,0.036,7.37e-09,186000000.0,132.0,25
960.0,44.97507324221,60,0.036,7.37e-09,186000000.0,132.0,25
961.0,44.98995132448,60,0.036,7.37e-09,186000000.0,132.0,25
962.0,45.00482940675,60,0.036,7.37e-09,186000000.0,132.0,25
963.0,45.01970748902,60,0.036,7.37e-09,186000000.0,132.0,25
964.0,45.03458557129,60,0.036,7.37e-09,186000000.0,132.0,25
965.0,45.04946365356,60,0.036,7.37e-09,186000000.0,132.0,25
966.0,45.06434173583,60,0.036,7.37e-09,186000000.0,132.0,25
967.0,45.0792198181,60,0.036,7.37e-09,186000000.0,132.0,25
968.0,45.09395065306,60,0.036,7.37e-09,186000000.0,132.0,25
969.0,45.10868148802,60,0.036,7.37e-09,186000000.0,132.0,25
970.0,45.12341232298,60,0.036,7.37e-09,186000000.0,132.0,25
971.0,45.13814315794,60,0.036,7.37e-09,186000000.0,132.0,25
972.0,45.1528739929,60,0.036,7.37e-09,186000000.0,132.0,25
973.0,45.16760482786,60,0.036,7.37e-09,186000000.0,132.0,25
974.0,45.18233566282,60,0.036,7.37e-09,186000000.0,132.0,25
975.0,45.19706649778,60,0.036,7.37e-09,186000000.0,132.0,25
976.0,45.21179733274,60,0.036,7.37e-09,186000000.0,132.0,25
977.0,45.2265281677,60,0.036,7.37e-09,186000000.0,132.0,25
978.0,45.24111404417,60,0.036,7.37e-09,186000000.0,132.0,25
979.0,45.25569992064,60,0.036,7.37e-09,186000000.0,132.0,25
980.0,45.27028579711,60,0.036,7.37e-09,186000000.0,132.0,25
981.0,45.28487167358,60,0.036,7.37e-09,186000000.0,132.0,25
982.0,45.29945755005,60,0.036,7.37e-09,186000000.0,132.0,25
983.0,45.31404342652,60,0.036,7.37e-09,186000000.0,132.0,25
984.0,45.32862930299,60,0.036,7.37e-09,186000000.0,132.0,25
985.0,45.34321517946,60,0.036,7.37e-09,186000000.0,132.0,25
986.0,45.35780105593,60,0.036,7.37e-09,186000000.0,132.0,25
987.0,45.3723869324,60,0.036,7.37e-09,186000000.0,132.0,25
988.0,45.38682823184,60,0.036,7.37e-09,186000000.0,132.0,25
989.0,45.40126953128,60,0.036,7.37e-09,186000000.0,132.0,25
990.0,45.41571083072,60,0.036,7.37e-09,186000000.0,132.0,25
991.0,45.43015213016,60,0.036,7.37e-09,186000000.0,132.0,25
992.0,45.4445934296,60,0.036,7.37e-09,186000000.0,132.0,25
993.0,45.45903472904,60,0.036,7.37e-09,186000000.0,132.0,25
994.0,45.47347602848,60,0.036,7.37e-09,186000000.0,132.0,25
995.0,45.48791732792,60,0.036,7.37e-09,186000000.0,132.0,25
996.0,45.50235862736,60,0.036,7.37e-09,186000000.0,132.0,25
997.0,45.5167999268,60,0.036,7.37e-09,186000000.0,132.0,25
998.0,45.53109893803,60,0.036,7.37e-09,186000000.0,132.0,25
999.0,45.54539794926,60,0.036,7.37e-09,186000000.0,132.0,25
1000.0,45.55969696049,60,0.036,7.37e-09,186000000.0,132.0,25
1001.0,45.57399597172,60,0.036,7.37e-09,186000000.0,132.0,25
1002.0,45.58829498295,60,0.036,7.37e-09,186000000.0,132.0,25
1003.0,45.60259399418,60,0.036,7.37e-09,186000000.0,132.0,25
1004.0,45.61689300541,60,0.036,7.37e-09,186000000.0,132.0,25
1005.0,45.63119201664,60,0.036,7.37e-09,186000000.0,132.0,25
1006.0,45.64549102787,60,0.036,7.37e-09,186000000.0,132.0,25
1007.0,45.6597900391,60,0.036,7.37e-09,186000000.0,132.0,25
1008.0,45.67394790653,60,0.036,7.37e-09,186000000.0,132.0,25
1009.0,45.68810577396,60,0.036,7.37e-09,186000000.0,132.0,25
1010.0,45.70226364139,60,0.036,7.37e-09,186000000.0,132.0,25
1011.0,45.71642150882,60,0.036,7.37e-09,186000000.0,132.0,25
1012.0,45.73057937625,60,0.036,7.37e-09,186000000.0,132.0,25
1013.0,45.74473724368,60,0.036,7.37e-09,186000000.0,132.0,25
1014.0,45.75889511111,60,0.036,7.37e-09,186000000.0,132.0,25
1015.0,45.77305297854,60,0.036,7.37e-09,186000000.0,132.0,25
1016.0,45.78721084597,60,0.036,7.37e-09,186000000.0,132.0,25
1017.0,45.8013687134,60,0.036,7.37e-09,186000000.0,132.0,25
1018.0,45.81538696291,60,0.036,7.37e-09,186000000.0,132.0,25
1019.0,45.82940521242,60,0.036,7.37e-09,186000000.0,132.0,25
1020.0,45.84342346193,60,0.036,7.37e-09,186000000.0,132.0,25
1021.0,45.85744171144,60,0.036,7.37e-09,186000000.0,132.0,25
1022.0,45.87145996095,60,0.036,7.37e-09,186000000.0,132.0,25
1023.0,45.88547821046,60,0.036,7.37e-09,186000000.0,132.0,25
1024.0,45.89949645997,60,0.036,7.37e-09,186000000.0,132.0,25
1025.0,45.91351470948,60,0.036,7.37e-09,186000000.0,132.0,25
1026.0,45.92753295899,60,0.036,7.37e-09,186000000.0,132.0,25
1027.0,45.9415512085,60,0.036,7.37e-09,186000000.0,132.0,25
1028.0,45.95543060303,60,0.036,7.37e-09,186000000.0,132.0,25
1029.0,45.96930999756,60,0.036,7.37e-09,186000000.0,132.0,25
1030.0,45.98318939209,60,0.036,7.37e-09,186000000.0,132.0,25
1031.0,45.99706878662,60,0.036,7.37e-09,186000000.0,132.0,25
1032.0,46.01094818115,60,0.036,7.37e-09,186000000.0,132.0,25
1033.0,46.02482757568,60,0.036,7.37e-09,186000000.0,132.0,25
1034.0,46.03870697021,60,0.036,7.37e-09,186000000.0,132.0,25
1035.0,46.05258636474,60,0.036,7.37e-09,186000000.0,132.0,25
1036.0,46.06646575927,60,0.036,7.37e-09,186000000.0,132.0,25
1037.0,46.0803451538,60,0.036,7.37e-09,186000000.0,132.0,25
1038.0,46.09408798217,60,0.036,7.37e-09,186000000.0,132.0,25
1039.0,46.10783081054,60,0.036,7.37e-09,186000000.0,132.0,25
1040.0,46.12157363891,60,0.036,7.37e-09,186000000.0,132.0,25
1041.0,46.13531646728,60,0.036,7.37e-09,186000000.0,132.0,25
1042.0,46.14905929565,60,0.036,7.37e-09,186000000.0,132.0,25
1043.0,46.16280212402,60,0.036,7.37e-09,186000000.0,132.0,25
1044.0,46.17654495239,60,0.036,7.37e-09,186000000.0,132.0,25
1045.0,46.19028778076,60,0.036,7.37e-09,186000000.0,132.0,25
1046.0,46.20403060913,60,0.036,7.37e-09,186000000.0,132.0,25
1047.0,46.2177734375,60,0.036,7.37e-09,186000000.0,132.0,25
1048.0,46.23138008118,60,0.036,7.37e-09,186000000.0,132.0,25
1049.0,46.24498672486,60,0.036,7.37e-09,186000000.0,132.0,25
1050.0,46.25859336854,60,0.036,7.37e-09,186000000.0,132.0,25
1051.0,46.27220001222,60,0.036,7.37e-09,186000000.0,132.0,25
1052.0,46.2858066559,60,0.036,7.37e-09,186000000.0,132.0,25
1053.0,46.29941329958,60,0.036,7.37e-09,186000000.0,132.0,25
1054.0,46.31301994326,60,0.036,7.37e-09,186000000.0,132.0,25
1055.0,46.32662658694,60,0.036,7.37e-09,186000000.0,132.0,25
1056.0,46.34023323062,60,0.036,7.37e-09,186000000.0,132.0,25
1057.0,46.3538398743,60,0.036,7.37e-09,186000000.0,132.0,25
1058.0,46.3673126221,60,0.036,7.37e-09,186000000.0,132.0,25
1059.0,46.3807853699,60,0.036,7.37e-09,186000000.0,132.0,25
1060.0,46.3942581177,60,0.036,7.37e-09,186000000.0,132.0,25
1061.0,46.4077308655,60,0.036,7.37e-09,186000000.0,132.0,25
1062.0,46.4212036133,60,0.036,7.37e-09,186000000.0,132.0,25
1063.0,46.4346763611,60,0.036,7.37e-09,186000000.0,132.0,25
1064.0,46.4481491089,60,0.036,7.37e-09,186000000.0,132.0,25
1065.0,46.4616218567,60,0.036,7.37e-09,186000000.0,132.0,25
1066.0,46.4750946045,60,0.036,7.37e-09,186000000.0,132.0,25
1067.0,46.4885673523,60,0.036,7.37e-09,186000000.0,132.0,25
1068.0,46.50190696717,60,0.036,7.37e-09,186000000.0,132.0,25
1069.0,46.51524658204,60,0.036,7.37e-09,186000000.0,132.0,25
1070.0,46.52858619691,60,0.036,7.37e-09,186000000.0,132.0,25
1071.0,46.54192581178,60,0.036,7.37e-09,186000000.0,132.0,25
1072.0,46.55526542665,60,0.036,7.37e-09,186000000.0,132.0,25
1073.0,46.56860504152,60,0.036,7.37e-09,186000000.0,132.0,25
1074.0,46.58194465639,60,0.036,7.37e-09,186000000.0,132.0,25
1075.0,46.59528427126,60,0.036,7.37e-09,186000000.0,132.0,25
1076.0,46.60862388613,60,0.036,7.37e-09,186000000.0,132.0,25
1077.0,46.621963501,60,0.036,7.37e-09,186000000.0,132.0,25
1078.0,46.63517150881,60,0.036,7.37e-09,186000000.0,132.0,25
1079.0,46.64837951662,60,0.036,7.37e-09,186000000.0,132.0,25
1080.0,46.66158752443,60,0.036,7.37e-09,186000000.0,132.0,25
1081.0,46.67479553224,60,0.036,7.37e-09,186000000.0,132.0,25
1082.0,46.68800354005,60,0.036,7.37e-09,186000000.0,132.0,25
1083.0,46.70121154786,60,0.036,7.37e-09,186000000.0,132.0,25
1084.0,46.71441955567,60,0.036,7.37e-09,186000000.0,132.0,25
1085.0,46.72762756348,60,0.036,7.37e-09,186000000.0,132.0,25
1086.0,46.74083557129,60,0.036,7.37e-09,186000000.0,132.0,25
1087.0,46.7540435791,60,0.036,7.37e-09,186000000.0,132.0,25
1088.0,46.76712112427,60,0.036,7.37e-09,186000000.0,132.0,25
1089.0,46.78019866944,60,0.036,7.37e-09,186000000.0,132.0,25
1090.0,46.79327621461,60,0.036,7.37e-09,186000000.0,132.0,25
1091.0,46.80635375978,60,0.036,7.37e-09,186000000.0,132.0,25
1092.0,46.81943130495,60,0.036,7.37e-09,186000000.0,132.0,25
1093.0,46.83250885012,60,0.036,7.37e-09,186000000.0,132.0,25
1094.0,46.84558639529,60,0.036,7.37e-09,186000000.0,132.0,25
1095.0,46.85866394046,60,0.036,7.37e-09,186000000.0,132.0,25
1096.0,46.87174148563,60,0.036,7.37e-09,186000000.0,132.0,25
1097.0,46.8848190308,60,0.036,7.37e-09,186000000.0,132.0,25
1098.0,46.89776725772,60,0.036,7.37e-09,186000000.0,132.0,25
1099.0,46.91071548464,60,0.036,7.37e-09,186000000.0,132.0,25
1100.0,46.92366371156,60,0.036,7.37e-09,186000000.0,132.0,25
1101.0,46.93661193848,60,0.036,7.37e-09,186000000.0,132.0,25
1102.0,46.9495601654,60,0.036,7.37e-09,186000000.0,132.0,25
1103.0,46.96250839232,60,0.036,7.37e-09,186000000.0,132.0,25
1104.0,46.97545661924,60,0.036,7.37e-09,186000000.0,132.0,25
1105.0,46.98840484616,60,0.036,7.37e-09,186000000.0,132.0,25
1106.0,47.00135307308,60,0.036,7.37e-09,186000000.0,132.0,25
1107.0,47.0143013,60,0.036,7.37e-09,186000000.0,132.0,25
1108.0,47.02712173458,60,0.036,7.37e-09,186000000.0,132.0,25
1109.0,47.03994216916,60,0.036,7.37e-09,186000000.0,132.0,25
1110.0,47.05276260374,60,0.036,7.37e-09,186000000.0,132.0,25
1111.0,47.06558303832,60,0.036,7.37e-09,186000000.0,132.0,25
1112.0,47.0784034729,60,0.036,7.37e-09,186000000.0,132.0,25
1113.0,47.09122390748,60,0.036,7.37e-09,186000000.0,132.0,25
1114.0,47.10404434206,60,0.036,7.37e-09,186000000.0,132.0,25
1115.0,47.11686477664,60,0.036,7.37e-09,186000000.0,132.0,25
1116.0,47.12968521122,60,0.036,7.37e-09,186000000.0,132.0,25
1117.0,47.1425056458,60,0.036,7.37e-09,186000000.0,132.0,25
1118.0,47.15519981389,60,0.036,7.37e-09,186000000.0,132.0,25
1119.0,47.16789398198,60,0.036,7.37e-09,186000000.0,132.0,25
1120.0,47.18058815007,60,0.036,7.37e-09,186000000.0,132.0,25
1121.0,47.19328231816,60,0.036,7.37e-09,186000000.0,132.0,25
1122.0,47.20597648625,60,0.036,7.37e-09,186000000.0,132.0,25
1123.0,47.21867065434,60,0.036,7.37e-09,186000000.0,132.0,25
1124.0,47.23136482243,60,0.036,7.37e-09,186000000.0,132.0,25
1125.0,47.24405899052,60,0.036,7.37e-09,186000000.0,132.0,25
1126.0,47.25675315861,60,0.036,7.37e-09,186000000.0,132.0,25
1127.0,47.2694473267,60,0.036,7.37e-09,186000000.0,132.0,25
1128.0,47.28201599125,60,0.036,7.37e-09,186000000.0,132.0,25
1129.0,47.2945846558,60,0.036,7.37e-09,186000000.0,132.0,25
1130.0,47.30715332035,60,0.036,7.37e-09,186000000.0,132.0,25
1131.0,47.3197219849,60,0.036,7.37e-09,186000000.0,132.0,25
1132.0,47.33229064945,60,0.036,7.37e-09,186000000.0,132.0,25
1133.0,47.344859314,60,0.036,7.37e-09,186000000.0,132.0,25
1134.0,47.35742797855,60,0.036,7.37e-09,186000000.0,132.0,25
1135.0,47.3699966431,60,0.036,7.37e-09,186000000.0,132.0,25
1136.0,47.38256530765,60,0.036,7.37e-09,186000000.0,132.0,25
1137.0,47.3951339722,60,0.036,7.37e-09,186000000.0,132.0,25
1138.0,47.40757827762,60,0.036,7.37e-09,186000000.0,132.0,25
1139.0,47.42002258304,60,0.036,7.37e-09,186000000.0,132.0,25
1140.0,47.43246688846,60,0.036,7.37e-09,186000000.0,132.0,25
1141.0,47.44491119388,60,0.036,7.37e-09,186000000.0,132.0,25
1142.0,47.4573554993,60,0.036,7.37e-09,186000000.0,132.0,25
1143.0,47.46979980472,60,0.036,7.37e-09,186000000.0,132.0,25
1144.0,47.48224411014,60,0.036,7.37e-09,186000000.0,132.0,25
1145.0,47.49468841556,60,0.036,7.37e-09,186000000.0,132.0,25
1146.0,47.50713272098,60,0.036,7.37e-09,186000000.0,132.0,25
1147.0,47.5195770264,60,0.036,7.37e-09,186000000.0,132.0,25
1148.0,47.53189888003,60,0.036,7.37e-09,186000000.0,132.0,25
1149.0,47.54422073366,60,0.036,7.37e-09,186000000.0,132.0,25
1150.0,47.55654258729,60,0.036,7.37e-09,186000000.0,132.0,25
1151.0,47.56886444092,60,0.036,7.37e-09,186000000.0,132.0,25
1152.0,47.58118629455,60,0.036,7.37e-09,186000000.0,132.0,25
1153.0,47.59350814818,60,0.036,7.37e-09,186000000.0,132.0,25
1154.0,47.60583000181,60,0.036,7.37e-09,186000000.0,132.0,25
1155.0,47.61815185544,60,0.036,7.37e-09,186000000.0,132.0,25
1156.0,47.63047370907,60,0.036,7.37e-09,186000000.0,132.0,25
1157.0,47.6427955627,60,0.036,7.37e-09,186000000.0,132.0,25
1158.0,47.6549957275,60,0.036,7.37e-09,186000000.0,132.0,25
1159.0,47.6671958923,60,0.036,7.37e-09,186000000.0,132.0,25
1160.0,47.6793960571,60,0.036,7.37e-09,186000000.0,132.0,25
1161.0,47.6915962219,60,0.036,7.37e-09,186000000.0,132.0,25
1162.0,47.7037963867,60,0.036,7.37e-09,186000000.0,132.0,25
1163.0,47.7159965515,60,0.036,7.37e-09,186000000.0,132.0,25
1164.0,47.7281967163,60,0.036,7.37e-09,186000000.0,132.0,25
1165.0,47.7403968811,60,0.036,7.37e-09,186000000.0,132.0,25
1166.0,47.7525970459,60,0.036,7.37e-09,186000000.0,132.0,25
1167.0,47.7647972107,60,0.036,7.37e-09,186000000.0,132.0,25
1168.0,47.77687683106,60,0.036,7.37e-09,186000000.0,132.0,25
1169.0,47.78895645142,60,0.036,7.37e-09,186000000.0,132.0,25
1170.0,47.80103607178,60,0.036,7.37e-09,186000000.0,132.0,25
1171.0,47.81311569214,60,0.036,7.37e-09,186000000.0,132.0,25
1172.0,47.8251953125,60,0.036,7.37e-09,186000000.0,132.0,25
1173.0,47.83727493286,60,0.036,7.37e-09,186000000.0,132.0,25
1174.0,47.84935455322,60,0.036,7.37e-09,186000000.0,132.0,25
1175.0,47.86143417358,60,0.036,7.37e-09,186000000.0,132.0,25
1176.0,47.87351379394,60,0.036,7.37e-09,186000000.0,132.0,25
1177.0,47.8855934143,60,0.036,7.37e-09,186000000.0,132.0,25
1178.0,47.89755363464,60,0.036,7.37e-09,186000000.0,132.0,25
1179.0,47.90951385498,60,0.036,7.37e-09,186000000.0,132.0,25
1180.0,47.92147407532,60,0.036,7.37e-09,186000000.0,132.0,25
1181.0,47.93343429566,60,0.036,7.37e-09,186000000.0,132.0,25
1182.0,47.945394516,60,0.036,7.37e-09,186000000.0,132.0,25
1183.0,47.95735473634,60,0.036,7.37e-09,186000000.0,132.0,25
1184.0,47.96931495668,60,0.036,7.37e-09,186000000.0,132.0,25
1185.0,47.98127517702,60,0.036,7.37e-09,186000000.0,132.0,25
1186.0,47.99323539736,60,0.036,7.37e-09,186000000.0,132.0,25
1187.0,48.0051956177,60,0.036,7.37e-09,186000000.0,132.0,25
1188.0,48.01703796389,60,0.036,7.37e-09,186000000.0,132.0,25
1189.0,48.02888031008,60,0.036,7.37e-09,186000000.0,132.0,25
1190.0,48.04072265627,60,0.036,7.37e-09,186000000.0,132.0,25
1191.0,48.05256500246,60,0.036,7.37e-09,186000000.0,132.0,25
1192.0,48.06440734865,60,0.036,7.37e-09,186000000.0,132.0,25
1193.0,48.07624969484,60,0.036,7.37e-09,186000000.0,132.0,25
1194.0,48.08809204103,60,0.036,7.37e-09,186000000.0,132.0,25
1195.0,48.09993438722,60,0.036,7.37e-09,186000000.0,132.0,25
1196.0,48.11177673341,60,0.036,7.37e-09,186000000.0,132.0,25
1197.0,48.1236190796,60,0.036,7.37e-09,186000000.0,132.0,25
1198.0,48.13534431458,60,0.036,7.37e-09,186000000.0,132.0,25
1199.0,48.14706954956,60,0.036,7.37e-09,186000000.0,132.0,25
1200.0,48.15879478454,60,0.036,7.37e-09,186000000.0,132.0,25
1201.0,48.17052001952,60,0.036,7.37e-09,186000000.0,132.0,25
1202.0,48.1822452545,60,0.036,7.37e-09,186000000.0,132.0,25
1203.0,48.19397048948,60,0.036,7.37e-09,186000000.0,132.0,25
1204.0,48.20569572446,60,0.036,7.37e-09,186000000.0,132.0,25
1205.0,48.21742095944,60,0.036,7.37e-09,186000000.0,132.0,25
1206.0,48.22914619442,60,0.036,7.37e-09,186000000.0,132.0,25
1207.0,48.2408714294,60,0.036,7.37e-09,186000000.0,132.0,25
1208.0,48.25248107906,60,0.036,7.37e-09,186000000.0,132.0,25
1209.0,48.26409072872,60,0.036,7.37e-09,186000000.0,132.0,25
1210.0,48.27570037838,60,0.036,7.37e-09,186000000.0,132.0,25
1211.0,48.28731002804,60,0.036,7.37e-09,186000000.0,132.0,25
1212.0,48.2989196777,60,0.036,7.37e-09,186000000.0,132.0,25
1213.0,48.31052932736,60,0.036,7.37e-09,186000000.0,132.0,25
1214.0,48.32213897702,60,0.036,7.37e-09,186000000.0,132.0,25
1215.0,48.33374862668,60,0.036,7.37e-09,186000000.0,132.0,25
1216.0,48.34535827634,60,0.036,7.37e-09,186000000.0,132.0,25
1217.0,48.356967926,60,0.036,7.37e-09,186000000.0,132.0,25
1218.0,48.36846275327,60,0.036,7.37e-09,186000000.0,132.0,25
1219.0,48.37995758054,60,0.036,7.37e-09,186000000.0,132.0,25
1220.0,48.39145240781,60,0.036,7.37e-09,186000000.0,132.0,25
1221.0,48.40294723508,60,0.036,7.37e-09,186000000.0,132.0,25
1222.0,48.41444206235,60,0.036,7.37e-09,186000000.0,132.0,25
1223.0,48.42593688962,60,0.036,7.37e-09,186000000.0,132.0,25
1224.0,48.43743171689,60,0.036,7.37e-09,186000000.0,132.0,25
1225.0,48.44892654416,60,0.036,7.37e-09,186000000.0,132.0,25
1226.0,48.46042137143,60,0.036,7.37e-09,186000000.0,132.0,25
1227.0,48.4719161987,60,0.036,7.37e-09,186000000.0,132.0,25
1228.0,48.48329772946,60,0.036,7.37e-09,186000000.0,132.0,25
1229.0,48.49467926022,60,0.036,7.37e-09,186000000.0,132.0,25
1230.0,48.50606079098,60,0.036,7.37e-09,186000000.0,132.0,25
1231.0,48.51744232174,60,0.036,7.37e-09,186000000.0,132.0,25
1232.0,48.5288238525,60,0.036,7.37e-09,186000000.0,132.0,25
1233.0,48.54020538326,60,0.036,7.37e-09,186000000.0,132.0,25
1234.0,48.55158691402,60,0.036,7.37e-09,186000000.0,132.0,25
1235.0,48.56296844478,60,0.036,7.37e-09,186000000.0,132.0,25
1236.0,48.57434997554,60,0.036,7.37e-09,186000000.0,132.0,25
1237.0,48.5857315063,60,0.036,7.37e-09,186000000.0,132.0,25
1238.0,48.5970005035,60,0.036,7.37e-09,186000000.0,132.0,25
1239.0,48.6082695007,60,0.036,7.37e-09,186000000.0,132.0,25
1240.0,48.6195384979,60,0.036,7.37e-09,186000000.0,132.0,25
1241.0,48.6308074951,60,0.036,7.37e-09,186000000.0,132.0,25
1242.0,48.6420764923,60,0.036,7.37e-09,186000000.0,132.0,25
1243.0,48.6533454895,60,0.036,7.37e-09,186000000.0,132.0,25
1244.0,48.6646144867,60,0.036,7.37e-09,186000000.0,132.0,25
1245.0,48.6758834839,60,0.036,7.37e-09,186000000.0,132.0,25
1246.0,48.6871524811,60,0.036,7.37e-09,186000000.0,132.0,25
1247.0,48.6984214783,60,0.036,7.37e-09,186000000.0,132.0,25
1248.0,48.7095794678,60,0.036,7.37e-09,186000000.0,132.0,25
1249.0,48.7207374573,60,0.036,7.37e-09,186000000.0,132.0,25
1250.0,48.7318954468,60,0.036,7.37e-09,186000000.0,132.0,25
1251.0,48.7430534363,60,0.036,7.37e-09,186000000.0,132.0,25
1252.0,48.7542114258,60,0.036,7.37e-09,186000000.0,132.0,25
1253.0,48.7653694153,60,0.036,7.37e-09,186000000.0,132.0,25
1254.0,48.7765274048,60,0.036,7.37e-09,186000000.0,132.0,25
1255.0,48.7876853943,60,0.036,7.37e-09,186000000.0,132.0,25
1256.0,48.7988433838,60,0.036,7.37e-09,186000000.0,132.0,25
1257.0,48.8100013733,60,0.036,7.37e-09,186000000.0,132.0,25
1258.0,48.82104911805,60,0.036,7.37e-09,186000000.0,132.0,25
1259.0,48.8320968628,60,0.036,7.37e-09,186000000.0,132.0,25
1260.0,48.84314460755,60,0.036,7.37e-09,186000000.0,132.0,25
1261.0,48.8541923523,60,0.036,7.37e-09,186000000.0,132.0,25
1262.0,48.86524009705,60,0.036,7.37e-09,186000000.0,132.0,25
1263.0,48.8762878418,60,0.036,7.37e-09,186000000.0,132.0,25
1264.0,48.88733558655,60,0.036,7.37e-09,186000000.0,132.0,25
1265.0,48.8983833313,60,0.036,7.37e-09,186000000.0,132.0,25
1266.0,48.90943107605,60,0.036,7.37e-09,186000000.0,132.0,25
1267.0,48.9204788208,60,0.036,7.37e-09,186000000.0,132.0,25
1268.0,48.93141708374,60,0.036,7.37e-09,186000000.0,132.0,25
1269.0,48.94235534668,60,0.036,7.37e-09,186000000.0,132.0,25
1270.0,48.95329360962,60,0.036,7.37e-09,186000000.0,132.0,25
1271.0,48.96423187256,60,0.036,7.37e-09,186000000.0,132.0,25
1272.0,48.9751701355,60,0.036,7.37e-09,186000000.0,132.0,25
1273.0,48.98610839844,60,0.036,7.37e-09,186000000.0,132.0,25
1274.0,48.99704666138,60,0.036,7.37e-09,186000000.0,132.0,25
1275.0,49.00798492432,60,0.036,7.37e-09,186000000.0,132.0,25
1276.0,49.01892318726,60,0.036,7.37e-09,186000000.0,132.0,25
1277.0,49.0298614502,60,0.036,7.37e-09,186000000.0,132.0,25
1278.0,49.04069213868,60,0.036,7.37e-09,186000000.0,132.0,25
1279.0,49.05152282716,60,0.036,7.37e-09,186000000.0,132.0,25
1280.0,49.06235351564,60,0.036,7.37e-09,186000000.0,132.0,25
1281.0,49.07318420412,60,0.036,7.37e-09,186000000.0,132.0,25
1282.0,49.0840148926,60,0.036,7.37e-09,186000000.0,132.0,25
1283.0,49.09484558108,60,0.036,7.37e-09,186000000.0,132.0,25
1284.0,49.10567626956,60,0.036,7.37e-09,186000000.0,132.0,25
1285.0,49.11650695804,60,0.036,7.37e-09,186000000.0,132.0,25
1286.0,49.12733764652,60,0.036,7.37e-09,186000000.0,132.0,25
1287.0,49.138168335,60,0.036,7.37e-09,186000000.0,132.0,25
1288.0,49.14889221195,60,0.036,7.37e-09,186000000.0,132.0,25
1289.0,49.1596160889,60,0.036,7.37e-09,186000000.0,132.0,25
1290.0,49.17033996585,60,0.036,7.37e-09,186000000.0,132.0,25
1291.0,49.1810638428,60,0.036,7.37e-09,186000000.0,132.0,25
1292.0,49.19178771975,60,0.036,7.37e-09,186000000.0,132.0,25
1293.0,49.2025115967,60,0.036,7.37e-09,186000000.0,132.0,25
1294.0,49.21323547365,60,0.036,7.37e-09,186000000.0,132.0,25
1295.0,49.2239593506,60,0.036,7.37e-09,186000000.0,132.0,25
1296.0,49.23468322755,60,0.036,7.37e-09,186000000.0,132.0,25
1297.0,49.2454071045,60,0.036,7.37e-09,186000000.0,132.0,25
1298.0,49.25602493287,60,0.036,7.37e-09,186000000.0,132.0,25
1299.0,49.26664276124,60,0.036,7.37e-09,186000000.0,132.0,25
1300.0,49.27726058961,60,0.036,7.37e-09,186000000.0,132.0,25
1301.0,49.28787841798,60,0.036,7.37e-09,186000000.0,132.0,25
1302.0,49.29849624635,60,0.036,7.37e-09,186000000.0,132.0,25
1303.0,49.30911407472,60,0.036,7.37e-09,186000000.0,132.0,25
1304.0,49.31973190309,60,0.036,7.37e-09,186000000.0,132.0,25
1305.0,49.33034973146,60,0.036,7.37e-09,186000000.0,132.0,25
1306.0,49.34096755983,60,0.036,7.37e-09,186000000.0,132.0,25
1307.0,49.3515853882,60,0.036,7.37e-09,186000000.0,132.0,25
1308.0,49.36209831239,60,0.036,7.37e-09,186000000.0,132.0,25
1309.0,49.37261123658,60,0.036,7.37e-09,186000000.0,132.0,25
1310.0,49.38312416077,60,0.036,7.37e-09,186000000.0,132.0,25
1311.0,49.39363708496,60,0.036,7.37e-09,186000000.0,132.0,25
1312.0,49.40415000915,60,0.036,7.37e-09,186000000.0,132.0,25
1313.0,49.41466293334,60,0.036,7.37e-09,186000000.0,132.0,25
1314.0,49.42517585753,60,0.036,7.37e-09,186000000.0,132.0,25
1315.0,49.43568878172,60,0.036,7.37e-09,186000000.0,132.0,25
1316.0,49.44620170591,60,0.036,7.37e-09,186000000.0,132.0,25
1317.0,49.4567146301,60,0.036,7.37e-09,186000000.0,132.0,25
1318.0,49.46712379453,60,0.036,7.37e-09,186000000.0,132.0,25
1319.0,49.47753295896,60,0.036,7.37e-09,186000000.0,132.0,25
1320.0,49.48794212339,60,0.036,7.37e-09,186000000.0,132.0,25
1321.0,49.49835128782,60,0.036,7.37e-09,186000000.0,132.0,25
1322.0,49.50876045225,60,0.036,7.37e-09,186000000.0,132.0,25
1323.0,49.51916961668,60,0.036,7.37e-09,186000000.0,132.0,25
1324.0,49.52957878111,60,0.036,7.37e-09,186000000.0,132.0,25
1325.0,49.53998794554,60,0.036,7.37e-09,186000000.0,132.0,25
1326.0,49.55039710997,60,0.036,7.37e-09,186000000.0,132.0,25
1327.0,49.5608062744,60,0.036,7.37e-09,186000000.0,132.0,25
1328.0,49.57111282347,60,0.036,7.37e-09,186000000.0,132.0,25
1329.0,49.58141937254,60,0.036,7.37e-09,186000000.0,132.0,25
1330.0,49.59172592161,60,0.036,7.37e-09,186000000.0,132.0,25
1331.0,49.60203247068,60,0.036,7.37e-09,186000000.0,132.0,25
1332.0,49.61233901975,60,0.036,7.37e-09,186000000.0,132.0,25
1333.0,49.62264556882,60,0.036,7.37e-09,186000000.0,132.0,25
1334.0,49.63295211789,60,0.036,7.37e-09,186000000.0,132.0,25
1335.0,49.64325866696,60,0.036,7.37e-09,186000000.0,132.0,25
1336.0,49.65356521603,60,0.036,7.37e-09,186000000.0,132.0,25
1337.0,49.6638717651,60,0.036,7.37e-09,186000000.0,132.0,25
1338.0,49.67407646176,60,0.036,7.37e-09,186000000.0,132.0,25
1339.0,49.68428115842,60,0.036,7.37e-09,186000000.0,132.0,25
1340.0,49.69448585508,60,0.036,7.37e-09,186000000.0,132.0,25
1341.0,49.70469055174,60,0.036,7.37e-09,186000000.0,132.0,25
1342.0,49.7148952484,60,0.036,7.37e-09,186000000.0,132.0,25
1343.0,49.72509994506,60,0.036,7.37e-09,186000000.0,132.0,25
1344.0,49.73530464172,60,0.036,7.37e-09,186000000.0,132.0,25
1345.0,49.74550933838,60,0.036,7.37e-09,186000000.0,132.0,25
1346.0,49.75571403504,60,0.036,7.37e-09,186000000.0,132.0,25
1347.0,49.7659187317,60,0.036,7.37e-09,186000000.0,132.0,25
1348.0,49.77602233888,60,0.036,7.37e-09,186000000.0,132.0,25
1349.0,49.78612594606,60,0.036,7.37e-09,186000000.0,132.0,25
1350.0,49.79622955324,60,0.036,7.37e-09,186000000.0,132.0,25
1351.0,49.80633316042,60,0.036,7.37e-09,186000000.0,132.0,25
1352.0,49.8164367676,60,0.036,7.37e-09,186000000.0,132.0,25
1353.0,49.82654037478,60,0.036,7.37e-09,186000000.0,132.0,25
1354.0,49.83664398196,60,0.036,7.37e-09,186000000.0,132.0,25
1355.0,49.84674758914,60,0.036,7.37e-09,186000000.0,132.0,25
1356.0,49.85685119632,60,0.036,7.37e-09,186000000.0,132.0,25
1357.0,49.8669548035,60,0.036,7.37e-09,186000000.0,132.0,25
1358.0,49.87695922855,60,0.036,7.37e-09,186000000.0,132.0,25
1359.0,49.8869636536,60,0.036,7.37e-09,186000000.0,132.0,25
1360.0,49.89696807865,60,0.036,7.37e-09,186000000.0,132.0,25
1361.0,49.9069725037,60,0.036,7.37e-09,186000000.0,132.0,25
1362.0,49.91697692875,60,0.036,7.37e-09,186000000.0,132.0,25
1363.0,49.9269813538,60,0.036,7.37e-09,186000000.0,132.0,25
1364.0,49.93698577885,60,0.036,7.37e-09,186000000.0,132.0,25
1365.0,49.9469902039,60,0.036,7.37e-09,186000000.0,132.0,25
1366.0,49.95699462895,60,0.036,7.37e-09,186000000.0,132.0,25
1367.0,49.966999054,60,0.036,7.37e-09,186000000.0,132.0,25
1368.0,49.97690429692,60,0.036,7.37e-09,186000000.0,132.0,25
1369.0,49.98680953984,60,0.036,7.37e-09,186000000.0,132.0,25
1370.0,49.99671478276,60,0.036,7.37e-09,186000000.0,132.0,25
1371.0,50.00662002568,60,0.036,7.37e-09,186000000.0,132.0,25
1372.0,50.0165252686,60,0.036,7.37e-09,186000000.0,132.0,25
1373.0,50.02643051152,60,0.036,7.37e-09,186000000.0,132.0,25
1374.0,50.03633575444,60,0.036,7.37e-09,186000000.0,132.0,25
1375.0,50.04624099736,60,0.036,7.37e-09,186000000.0,132.0,25
1376.0,50.05614624028,60,0.036,7.37e-09,186000000.0,132.0,25
1377.0,50.0660514832,60,0.036,7.37e-09,186000000.0,132.0,25
1378.0,50.07585906987,60,0.036,7.37e-09,186000000.0,132.0,25
1379.0,50.08566665654,60,0.036,7.37e-09,186000000.0,132.0,25
1380.0,50.09547424321,60,0.036,7.37e-09,186000000.0,132.0,25
1381.0,50.10528182988,60,0.036,7.37e-09,186000000.0,132.0,25
1382.0,50.11508941655,60,0.036,7.37e-09,186000000.0,132.0,25
1383.0,50.12489700322,60,0.036,7.37e-09,186000000.0,132.0,25
1384.0,50.13470458989,60,0.036,7.37e-09,186000000.0,132.0,25
1385.0,50.14451217656,60,0.036,7.37e-09,186000000.0,132.0,25
1386.0,50.15431976323,60,0.036,7.37e-09,186000000.0,132.0,25
1387.0,50.1641273499,60,0.036,7.37e-09,186000000.0,132.0,25
1388.0,50.17383804325,60,0.036,7.37e-09,186000000.0,132.0,25
1389.0,50.1835487366,60,0.036,7.37e-09,186000000.0,132.0,25
1390.0,50.19325942995,60,0.036,7.37e-09,186000000.0,132.0,25
1391.0,50.2029701233,60,0.036,7.37e-09,186000000.0,132.0,25
1392.0,50.21268081665,60,0.036,7.37e-09,186000000.0,132.0,25
1393.0,50.22239151,60,0.036,7.37e-09,186000000.0,132.0,25
1394.0,50.23210220335,60,0.036,7.37e-09,186000000.0,132.0,25
1395.0,50.2418128967,60,0.036,7.37e-09,186000000.0,132.0,25
1396.0,50.25152359005,60,0.036,7.37e-09,186000000.0,132.0,25
1397.0,50.2612342834,60,0.036,7.37e-09,186000000.0,132.0,25
1398.0,50.27084922786,60,0.036,7.37e-09,186000000.0,132.0,25
1399.0,50.28046417232,60,0.036,7.37e-09,186000000.0,132.0,25
1400.0,50.29007911678,60,0.036,7.37e-09,186000000.0,132.0,25
1401.0,50.29969406124,60,0.036,7.37e-09,186000000.0,132.0,25
1402.0,50.3093090057,60,0.036,7.37e-09,186000000.0,132.0,25
1403.0,50.31892395016,60,0.036,7.37e-09,186000000.0,132.0,25
1404.0,50.32853889462,60,0.036,7.37e-09,186000000.0,132.0,25
1405.0,50.33815383908,60,0.036,7.37e-09,186000000.0,132.0,25
1406.0,50.34776878354,60,0.036,7.37e-09,186000000.0,132.0,25
1407.0,50.357383728,60,0.036,7.37e-09,186000000.0,132.0,25
1408.0,50.3669036865,60,0.036,7.37e-09,186000000.0,132.0,25
1409.0,50.376423645,60,0.036,7.37e-09,186000000.0,132.0,25
1410.0,50.3859436035,60,0.036,7.37e-09,186000000.0,132.0,25
1411.0,50.395463562,60,0.036,7.37e-09,186000000.0,132.0,25
1412.0,50.4049835205,60,0.036,7.37e-09,186000000.0,132.0,25
1413.0,50.414503479,60,0.036,7.37e-09,186000000.0,132.0,25
1414.0,50.4240234375,60,0.036,7.37e-09,186000000.0,132.0,25
1415.0,50.433543396,60,0.036,7.37e-09,186000000.0,132.0,25
1416.0,50.4430633545,60,0.036,7.37e-09,186000000.0,132.0,25
1417.0,50.452583313,60,0.036,7.37e-09,186000000.0,132.0,25
1418.0,50.46200942994,60,0.036,7.37e-09,186000000.0,132.0,25
1419.0,50.47143554688,60,0.036,7.37e-09,186000000.0,132.0,25
1420.0,50.48086166382,60,0.036,7.37e-09,186000000.0,132.0,25
1421.0,50.49028778076,60,0.036,7.37e-09,186000000.0,132.0,25
1422.0,50.4997138977,60,0.036,7.37e-09,186000000.0,132.0,25
1423.0,50.50914001464,60,0.036,7.37e-09,186000000.0,132.0,25
1424.0,50.51856613158,60,0.036,7.37e-09,186000000.0,132.0,25
1425.0,50.52799224852,60,0.036,7.37e-09,186000000.0,132.0,25
1426.0,50.53741836546,60,0.036,7.37e-09,186000000.0,132.0,25
1427.0,50.5468444824,60,0.036,7.37e-09,186000000.0,132.0,25
1428.0,50.55617752073,60,0.036,7.37e-09,186000000.0,132.0,25
1429.0,50.56551055906,60,0.036,7.37e-09,186000000.0,132.0,25
1430.0,50.57484359739,60,0.036,7.37e-09,186000000.0,132.0,25
1431.0,50.58417663572,60,0.036,7.37e-09,186000000.0,132.0,25
1432.0,50.59350967405,60,0.036,7.37e-09,186000000.0,132.0,25
1433.0,50.60284271238,60,0.036,7.37e-09,186000000.0,132.0,25
1434.0,50.61217575071,60,0.036,7.37e-09,186000000.0,132.0,25
1435.0,50.62150878904,60,0.036,7.37e-09,186000000.0,132.0,25
1436.0,50.63084182737,60,0.036,7.37e-09,186000000.0,132.0,25
1437.0,50.6401748657,60,0.036,7.37e-09,186000000.0,132.0,25
1438.0,50.64941558836,60,0.036,7.37e-09,186000000.0,132.0,25
1439.0,50.65865631102,60,0.036,7.37e-09,186000000.0,132.0,25
1440.0,50.66789703368,60,0.036,7.37e-09,186000000.0,132.0,25
1441.0,50.67713775634,60,0.036,7.37e-09,186000000.0,132.0,25
1442.0,50.686378479,60,0.036,7.37e-09,186000000.0,132.0,25
1443.0,50.69561920166,60,0.036,7.37e-09,186000000.0,132.0,25
1444.0,50.70485992432,60,0.036,7.37e-09,186000000.0,132.0,25
1445.0,50.71410064698,60,0.036,7.37e-09,186000000.0,132.0,25
1446.0,50.72334136964,60,0.036,7.37e-09,186000000.0,132.0,25
1447.0,50.7325820923,60,0.036,7.37e-09,186000000.0,132.0,25
1448.0,50.74173164369,60,0.036,7.37e-09,186000000.0,132.0,25
1449.0,50.75088119508,60,0.036,7.37e-09,186000000.0,132.0,25
1450.0,50.76003074647,60,0.036,7.37e-09,186000000.0,132.0,25
1451.0,50.76918029786,60,0.036,7.37e-09,186000000.0,132.0,25
1452.0,50.77832984925,60,0.036,7.37e-09,186000000.0,132.0,25
1453.0,50.78747940064,60,0.036,7.37e-09,186000000.0,132.0,25
1454.0,50.79662895203,60,0.036,7.37e-09,186000000.0,132.0,25
1455.0,50.80577850342,60,0.036,7.37e-09,186000000.0,132.0,25
1456.0,50.81492805481,60,0.036,7.37e-09,186000000.0,132.0,25
1457.0,50.8240776062,60,0.036,7.37e-09,186000000.0,132.0,25
1458.0,50.83313674927,60,0.036,7.37e-09,186000000.0,132.0,25
1459.0,50.84219589234,60,0.036,7.37e-09,186000000.0,132.0,25
1460.0,50.85125503541,60,0.036,7.37e-09,186000000.0,132.0,25
1461.0,50.86031417848,60,0.036,7.37e-09,186000000.0,132.0,25
1462.0,50.86937332155,60,0.036,7.37e-09,186000000.0,132.0,25
1463.0,50.87843246462,60,0.036,7.37e-09,186000000.0,132.0,25
1464.0,50.88749160769,60,0.036,7.37e-09,186000000.0,132.0,25
1465.0,50.89655075076,60,0.036,7.37e-09,186000000.0,132.0,25
1466.0,50.90560989383,60,0.036,7.37e-09,186000000.0,132.0,25
1467.0,50.9146690369,60,0.036,7.37e-09,186000000.0,132.0,25
1468.0,50.92363891605,60,0.036,7.37e-09,186000000.0,132.0,25
1469.0,50.9326087952,60,0.036,7.37e-09,186000000.0,132.0,25
1470.0,50.94157867435,60,0.036,7.37e-09,186000000.0,132.0,25
1471.0,50.9505485535,60,0.036,7.37e-09,186000000.0,132.0,25
1472.0,50.95951843265,60,0.036,7.37e-09,186000000.0,132.0,25
1473.0,50.9684883118,60,0.036,7.37e-09,186000000.0,132.0,25
1474.0,50.97745819095,60,0.036,7.37e-09,186000000.0,132.0,25
1475.0,50.9864280701,60,0.036,7.37e-09,186000000.0,132.0,25
1476.0,50.99539794925,60,0.036,7.37e-09,186000000.0,132.0,25
1477.0,51.0043678284,60,0.036,7.37e-09,186000000.0,132.0,25
1478.0,51.0132488251,60,0.036,7.37e-09,186000000.0,132.0,25
1479.0,51.0221298218,60,0.036,7.37e-09,186000000.0,132.0,25
1480.0,51.0310108185,60,0.036,7.37e-09,186000000.0,132.0,25
1481.0,51.0398918152,60,0.036,7.37e-09,186000000.0,132.0,25
1482.0,51.0487728119,60,0.036,7.37e-09,186000000.0,132.0,25
1483.0,51.0576538086,60,0.036,7.37e-09,186000000.0,132.0,25
1484.0,51.0665348053,60,0.036,7.37e-09,186000000.0,132.0,25
1485.0,51.075415802,60,0.036,7.37e-09,186000000.0,132.0,25
1486.0,51.0842967987,60,0.036,7.37e-09,186000000.0,132.0,25
1487.0,51.0931777954,60,0.036,7.37e-09,186000000.0,132.0,25
1488.0,51.10197143554,60,0.036,7.37e-09,186000000.0,132.0,25
1489.0,51.11076507568,60,0.036,7.37e-09,186000000.0,132.0,25
1490.0,51.11955871582,60,0.036,7.37e-09,186000000.0,132.0,25
1491.0,51.12835235596,60,0.036,7.37e-09,186000000.0,132.0,25
1492.0,51.1371459961,60,0.036,7.37e-09,186000000.0,132.0,25
1493.0,51.14593963624,60,0.036,7.37e-09,186000000.0,132.0,25
1494.0,51.15473327638,60,0.036,7.37e-09,186000000.0,132.0,25
1495.0,51.16352691652,60,0.036,7.37e-09,186000000.0,132.0,25
1496.0,51.17232055666,60,0.036,7.37e-09,186000000.0,132.0,25
1497.0,51.1811141968,60,0.036,7.37e-09,186000000.0,132.0,25
1498.0,51.18982086184,60,0.036,7.37e-09,186000000.0,132.0,25
1499.0,51.19852752688,60,0.036,7.37e-09,186000000.0,132.0,25
1500.0,51.20723419192,60,0.036,7.37e-09,186000000.0,132.0,25
1501.0,51.21594085696,60,0.036,7.37e-09,186000000.0,132.0,25
1502.0,51.224647522,60,0.036,7.37e-09,186000000.0,132.0,25
1503.0,51.23335418704,60,0.036,7.37e-09,186000000.0,132.0,25
1504.0,51.24206085208,60,0.036,7.37e-09,186000000.0,132.0,25
1505.0,51.25076751712,60,0.036,7.37e-09,186000000.0,132.0,25
1506.0,51.25947418216,60,0.036,7.37e-09,186000000.0,132.0,25
1507.0,51.2681808472,60,0.036,7.37e-09,186000000.0,132.0,25
1508.0,51.27680168155,60,0.036,7.37e-09,186000000.0,132.0,25
1509.0,51.2854225159,60,0.036,7.37e-09,186000000.0,132.0,25
1510.0,51.29404335025,60,0.036,7.37e-09,186000000.0,132.0,25
1511.0,51.3026641846,60,0.036,7.37e-09,186000000.0,132.0,25
1512.0,51.31128501895,60,0.036,7.37e-09,186000000.0,132.0,25
1513.0,51.3199058533,60,0.036,7.37e-09,186000000.0,132.0,25
1514.0,51.32852668765,60,0.036,7.37e-09,186000000.0,132.0,25
1515.0,51.337147522,60,0.036,7.37e-09,186000000.0,132.0,25
1516.0,51.34576835635,60,0.036,7.37e-09,186000000.0,132.0,25
1517.0,51.3543891907,60,0.036,7.37e-09,186000000.0,132.0,25
1518.0,51.3629249573,60,0.036,7.37e-09,186000000.0,132.0,25
1519.0,51.3714607239,60,0.036,7.37e-09,186000000.0,132.0,25
1520.0,51.3799964905,60,0.036,7.37e-09,186000000.0,132.0,25
1521.0,51.3885322571,60,0.036,7.37e-09,186000000.0,132.0,25
1522.0,51.3970680237,60,0.036,7.37e-09,186000000.0,132.0,25
1523.0,51.4056037903,60,0.036,7.37e-09,186000000.0,132.0,25
1524.0,51.4141395569,60,0.036,7.37e-09,186000000.0,132.0,25
1525.0,51.4226753235,60,0.036,7.37e-09,186000000.0,132.0,25
1526.0,51.4312110901,60,0.036,7.37e-09,186000000.0,132.0,25
1527.0,51.4397468567,60,0.036,7.37e-09,186000000.0,132.0,25
1528.0,51.44819831849,60,0.036,7.37e-09,186000000.0,132.0,25
1529.0,51.45664978028,60,0.036,7.37e-09,186000000.0,132.0,25
1530.0,51.46510124207,60,0.036,7.37e-09,186000000.0,132.0,25
1531.0,51.47355270386,60,0.036,7.37e-09,186000000.0,132.0,25
1532.0,51.48200416565,60,0.036,7.37e-09,186000000.0,132.0,25
1533.0,51.49045562744,60,0.036,7.37e-09,186000000.0,132.0,25
1534.0,51.49890708923,60,0.036,7.37e-09,186000000.0,132.0,25
1535.0,51.50735855102,60,0.036,7.37e-09,186000000.0,132.0,25
1536.0,51.51581001281,60,0.036,7.37e-09,186000000.0,132.0,25
1537.0,51.5242614746,60,0.036,7.37e-09,186000000.0,132.0,25
1538.0,51.53262939452,60,0.036,7.37e-09,186000000.0,132.0,25
1539.0,51.54099731444,60,0.036,7.37e-09,186000000.0,132.0,25
1540.0,51.54936523436,60,0.036,7.37e-09,186000000.0,132.0,25
1541.0,51.55773315428,60,0.036,7.37e-09,186000000.0,132.0,25
1542.0,51.5661010742,60,0.036,7.37e-09,186000000.0,132.0,25
1543.0,51.57446899412,60,0.036,7.37e-09,186000000.0,132.0,25
1544.0,51.58283691404,60,0.036,7.37e-09,186000000.0,132.0,25
1545.0,51.59120483396,60,0.036,7.37e-09,186000000.0,132.0,25
1546.0,51.59957275388,60,0.036,7.37e-09,186000000.0,132.0,25
1547.0,51.6079406738,60,0.036,7.37e-09,186000000.0,132.0,25
1548.0,51.61622581479,60,0.036,7.37e-09,186000000.0,132.0,25
1549.0,51.62451095578,60,0.036,7.37e-09,186000000.0,132.0,25
1550.0,51.63279609677,60,0.036,7.37e-09,186000000.0,132.0,25
1551.0,51.64108123776,60,0.036,7.37e-09,186000000.0,132.0,25
1552.0,51.64936637875,60,0.036,7.37e-09,186000000.0,132.0,25
1553.0,51.65765151974,60,0.036,7.37e-09,186000000.0,132.0,25
1554.0,51.66593666073,60,0.036,7.37e-09,186000000.0,132.0,25
1555.0,51.67422180172,60,0.036,7.37e-09,186000000.0,132.0,25
1556.0,51.68250694271,60,0.036,7.37e-09,186000000.0,132.0,25
1557.0,51.6907920837,60,0.036,7.37e-09,186000000.0,132.0,25
1558.0,51.69899559017,60,0.036,7.37e-09,186000000.0,132.0,25
1559.0,51.70719909664,60,0.036,7.37e-09,186000000.0,132.0,25
1560.0,51.71540260311,60,0.036,7.37e-09,186000000.0,132.0,25
1561.0,51.72360610958,60,0.036,7.37e-09,186000000.0,132.0,25
1562.0,51.73180961605,60,0.036,7.37e-09,186000000.0,132.0,25
1563.0,51.74001312252,60,0.036,7.37e-09,186000000.0,132.0,25
1564.0,51.74821662899,60,0.036,7.37e-09,186000000.0,132.0,25
1565.0,51.75642013546,60,0.036,7.37e-09,186000000.0,132.0,25
1566.0,51.76462364193,60,0.036,7.37e-09,186000000.0,132.0,25
1567.0,51.7728271484,60,0.036,7.37e-09,186000000.0,132.0,25
1568.0,51.78094978329,60,0.036,7.37e-09,186000000.0,132.0,25
1569.0,51.78907241818,60,0.036,7.37e-09,186000000.0,132.0,25
1570.0,51.79719505307,60,0.036,7.37e-09,186000000.0,132.0,25
1571.0,51.80531768796,60,0.036,7.37e-09,186000000.0,132.0,25
1572.0,51.81344032285,60,0.036,7.37e-09,186000000.0,132.0,25
1573.0,51.82156295774,60,0.036,7.37e-09,186000000.0,132.0,25
1574.0,51.82968559263,60,0.036,7.37e-09,186000000.0,132.0,25
1575.0,51.83780822752,60,0.036,7.37e-09,186000000.0,132.0,25
1576.0,51.84593086241,60,0.036,7.37e-09,186000000.0,132.0,25
1577.0,51.8540534973,60,0.036,7.37e-09,186000000.0,132.0,25
1578.0,51.86209602355,60,0.036,7.37e-09,186000000.0,132.0,25
1579.0,51.8701385498,60,0.036,7.37e-09,186000000.0,132.0,25
1580.0,51.87818107605,60,0.036,7.37e-09,186000000.0,132.0,25
1581.0,51.8862236023,60,0.036,7.37e-09,186000000.0,132.0,25
1582.0,51.89426612855,60,0.036,7.37e-09,186000000.0,132.0,25
1583.0,51.9023086548,60,0.036,7.37e-09,186000000.0,132.0,25
1584.0,51.91035118105,60,0.036,7.37e-09,186000000.0,132.0,25
1585.0,51.9183937073,60,0.036,7.37e-09,186000000.0,132.0,25
1586.0,51.92643623355,60,0.036,7.37e-09,186000000.0,132.0,25
1587.0,51.9344787598,60,0.036,7.37e-09,186000000.0,132.0,25
1588.0,51.94244155887,60,0.036,7.37e-09,186000000.0,132.0,25
1589.0,51.95040435794,60,0.036,7.37e-09,186000000.0,132.0,25
1590.0,51.95836715701,60,0.036,7.37e-09,186000000.0,132.0,25
1591.0,51.96632995608,60,0.036,7.37e-09,186000000.0,132.0,25
1592.0,51.97429275515,60,0.036,7.37e-09,186000000.0,132.0,25
1593.0,51.98225555422,60,0.036,7.37e-09,186000000.0,132.0,25
1594.0,51.99021835329,60,0.036,7.37e-09,186000000.0,132.0,25
1595.0,51.99818115236,60,0.036,7.37e-09,186000000.0,132.0,25
1596.0,52.00614395143,60,0.036,7.37e-09,186000000.0,132.0,25
1597.0,52.0141067505,60,0.036,7.37e-09,186000000.0,132.0,25
1598.0,52.02199096681,60,0.036,7.37e-09,186000000.0,132.0,25
1599.0,52.02987518312,60,0.036,7.37e-09,186000000.0,132.0,25
1600.0,52.03775939943,60,0.036,7.37e-09,186000000.0,132.0,25
1601.0,52.04564361574,60,0.036,7.37e-09,186000000.0,132.0,25
1602.0,52.05352783205,60,0.036,7.37e-09,186000000.0,132.0,25
1603.0,52.06141204836,60,0.036,7.37e-09,186000000.0,132.0,25
1604.0,52.06929626467,60,0.036,7.37e-09,186000000.0,132.0,25
1605.0,52.07718048098,60,0.036,7.37e-09,186000000.0,132.0,25
1606.0,52.08506469729,60,0.036,7.37e-09,186000000.0,132.0,25
1607.0,52.0929489136,60,0.036,7.37e-09,186000000.0,132.0,25
1608.0,52.10075531008,60,0.036,7.37e-09,186000000.0,132.0,25
1609.0,52.10856170656,60,0.036,7.37e-09,186000000.0,132.0,25
1610.0,52.11636810304,60,0.036,7.37e-09,186000000.0,132.0,25
1611.0,52.12417449952,60,0.036,7.37e-09,186000000.0,132.0,25
1612.0,52.131980896,60,0.036,7.37e-09,186000000.0,132.0,25
1613.0,52.13978729248,60,0.036,7.37e-09,186000000.0,132.0,25
1614.0,52.14759368896,60,0.036,7.37e-09,186000000.0,132.0,25
1615.0,52.15540008544,60,0.036,7.37e-09,186000000.0,132.0,25
1616.0,52.16320648192,60,0.036,7.37e-09,186000000.0,132.0,25
1617.0,52.1710128784,60,0.036,7.37e-09,186000000.0,132.0,25
1618.0,52.17874259947,60,0.036,7.37e-09,186000000.0,132.0,25
1619.0,52.18647232054,60,0.036,7.37e-09,186000000.0,132.0,25
1620.0,52.19420204161,60,0.036,7.37e-09,186000000.0,132.0,25
1621.0,52.20193176268,60,0.036,7.37e-09,186000000.0,132.0,25
1622.0,52.20966148375,60,0.036,7.37e-09,186000000.0,132.0,25
1623.0,52.21739120482,60,0.036,7.37e-09,186000000.0,132.0,25
1624.0,52.22512092589,60,0.036,7.37e-09,186000000.0,132.0,25
1625.0,52.23285064696,60,0.036,7.37e-09,186000000.0,132.0,25
1626.0,52.24058036803,60,0.036,7.37e-09,186000000.0,132.0,25
1627.0,52.2483100891,60,0.036,7.37e-09,186000000.0,132.0,25
1628.0,52.25596313476,60,0.036,7.37e-09,186000000.0,132.0,25
1629.0,52.26361618042,60,0.036,7.37e-09,186000000.0,132.0,25
1630.0,52.27126922608,60,0.036,7.37e-09,186000000.0,132.0,25
1631.0,52.27892227174,60,0.036,7.37e-09,186000000.0,132.0,25
1632.0,52.2865753174,60,0.036,7.37e-09,186000000.0,132.0,25
1633.0,52.29422836306,60,0.036,7.37e-09,186000000.0,132.0,25
1634.0,52.30188140872,60,0.036,7.37e-09,186000000.0,132.0,25
1635.0,52.30953445438,60,0.036,7.37e-09,186000000.0,132.0,25
1636.0,52.31718750004,60,0.036,7.37e-09,186000000.0,132.0,25
1637.0,52.3248405457,60,0.036,7.37e-09,186000000.0,132.0,25
1638.0,52.33241806034,60,0.036,7.37e-09,186000000.0,132.0,25
1639.0,52.33999557498,60,0.036,7.37e-09,186000000.0,132.0,25
1640.0,52.34757308962,60,0.036,7.37e-09,186000000.0,132.0,25
1641.0,52.35515060426,60,0.036,7.37e-09,186000000.0,132.0,25
1642.0,52.3627281189,60,0.036,7.37e-09,186000000.0,132.0,25
1643.0,52.37030563354,60,0.036,7.37e-09,186000000.0,132.0,25
1644.0,52.37788314818,60,0.036,7.37e-09,186000000.0,132.0,25
1645.0,52.38546066282,60,0.036,7.37e-09,186000000.0,132.0,25
1646.0,52.39303817746,60,0.036,7.37e-09,186000000.0,132.0,25
1647.0,52.4006156921,60,0.036,7.37e-09,186000000.0,132.0,25
1648.0,52.40811843869,60,0.036,7.37e-09,186000000.0,132.0,25
1649.0,52.41562118528,60,0.036,7.37e-09,186000000.0,132.0,25
1650.0,52.42312393187,60,0.036,7.37e-09,186000000.0,132.0,25
1651.0,52.43062667846,60,0.036,7.37e-09,186000000.0,132.0,25
1652.0,52.43812942505,60,0.036,7.37e-09,186000000.0,132.0,25
1653.0,52.44563217164,60,0.036,7.37e-09,186000000.0,132.0,25
1654.0,52.45313491823,60,0.036,7.37e-09,186000000.0,132.0,25
1655.0,52.46063766482,60,0.036,7.37e-09,186000000.0,132.0,25
1656.0,52.46814041141,60,0.036,7.37e-09,186000000.0,132.0,25
1657.0,52.475643158,60,0.036,7.37e-09,186000000.0,132.0,25
1658.0,52.48307189945,60,0.036,7.37e-09,186000000.0,132.0,25
1659.0,52.4905006409,60,0.036,7.37e-09,186000000.0,132.0,25
1660.0,52.49792938235,60,0.036,7.37e-09,186000000.0,132.0,25
1661.0,52.5053581238,60,0.036,7.37e-09,186000000.0,132.0,25
1662.0,52.51278686525,60,0.036,7.37e-09,186000000.0,132.0,25
1663.0,52.5202156067,60,0.036,7.37e-09,186000000.0,132.0,25
1664.0,52.52764434815,60,0.036,7.37e-09,186000000.0,132.0,25
1665.0,52.5350730896,60,0.036,7.37e-09,186000000.0,132.0,25
1666.0,52.54250183105,60,0.036,7.37e-09,186000000.0,132.0,25
1667.0,52.5499305725,60,0.036,7.37e-09,186000000.0,132.0,25
1668.0,52.5572856903,60,0.036,7.37e-09,186000000.0,132.0,25
1669.0,52.5646408081,60,0.036,7.37e-09,186000000.0,132.0,25
1670.0,52.5719959259,60,0.036,7.37e-09,186000000.0,132.0,25
1671.0,52.5793510437,60,0.036,7.37e-09,186000000.0,132.0,25
1672.0,52.5867061615,60,0.036,7.37e-09,186000000.0,132.0,25
1673.0,52.5940612793,60,0.036,7.37e-09,186000000.0,132.0,25
1674.0,52.6014163971,60,0.036,7.37e-09,186000000.0,132.0,25
1675.0,52.6087715149,60,0.036,7.37e-09,186000000.0,132.0,25
1676.0,52.6161266327,60,0.036,7.37e-09,186000000.0,132.0,25
1677.0,52.6234817505,60,0.036,7.37e-09,186000000.0,132.0,25
1678.0,52.63076438905,60,0.036,7.37e-09,186000000.0,132.0,25
1679.0,52.6380470276,60,0.036,7.37e-09,186000000.0,132.0,25
1680.0,52.64532966615,60,0.036,7.37e-09,186000000.0,132.0,25
1681.0,52.6526123047,60,0.036,7.37e-09,186000000.0,132.0,25
1682.0,52.65989494325,60,0.036,7.37e-09,186000000.0,132.0,25
1683.0,52.6671775818,60,0.036,7.37e-09,186000000.0,132.0,25
1684.0,52.67446022035,60,0.036,7.37e-09,186000000.0,132.0,25
1685.0,52.6817428589,60,0.036,7.37e-09,186000000.0,132.0,25
1686.0,52.68902549745,60,0.036,7.37e-09,186000000.0,132.0,25
1687.0,52.696308136,60,0.036,7.37e-09,186000000.0,132.0,25
1688.0,52.70351905824,60,0.036,7.37e-09,186000000.0,132.0,25
1689.0,52.71072998048,60,0.036,7.37e-09,186000000.0,132.0,25
1690.0,52.71794090272,60,0.036,7.37e-09,186000000.0,132.0,25
1691.0,52.72515182496,60,0.036,7.37e-09,186000000.0,132.0,25
1692.0,52.7323627472,60,0.036,7.37e-09,186000000.0,132.0,25
1693.0,52.73957366944,60,0.036,7.37e-09,186000000.0,132.0,25
1694.0,52.74678459168,60,0.036,7.37e-09,186000000.0,132.0,25
1695.0,52.75399551392,60,0.036,7.37e-09,186000000.0,132.0,25
1696.0,52.76120643616,60,0.036,7.37e-09,186000000.0,132.0,25
1697.0,52.7684173584,60,0.036,7.37e-09,186000000.0,132.0,25
1698.0,52.7755569458,60,0.036,7.37e-09,186000000.0,132.0,25
1699.0,52.7826965332,60,0.036,7.37e-09,186000000.0,132.0,25
1700.0,52.7898361206,60,0.036,7.37e-09,186000000.0,132.0,25
1701.0,52.796975708,60,0.036,7.37e-09,186000000.0,132.0,25
1702.0,52.8041152954,60,0.036,7.37e-09,186000000.0,132.0,25
1703.0,52.8112548828,60,0.036,7.37e-09,186000000.0,132.0,25
1704.0,52.8183944702,60,0.036,7.37e-09,186000000.0,132.0,25
1705.0,52.8255340576,60,0.036,7.37e-09,186000000.0,132.0,25
1706.0,52.832673645,60,0.036,7.37e-09,186000000.0,132.0,25
1707.0,52.8398132324,60,0.036,7.37e-09,186000000.0,132.0,25
1708.0,52.84688224791,60,0.036,7.37e-09,186000000.0,132.0,25
1709.0,52.85395126342,60,0.036,7.37e-09,186000000.0,132.0,25
1710.0,52.86102027893,60,0.036,7.37e-09,186000000.0,132.0,25
1711.0,52.86808929444,60,0.036,7.37e-09,186000000.0,132.0,25
1712.0,52.87515830995,60,0.036,7.37e-09,186000000.0,132.0,25
1713.0,52.88222732546,60,0.036,7.37e-09,186000000.0,132.0,25
1714.0,52.88929634097,60,0.036,7.37e-09,186000000.0,132.0,25
1715.0,52.89636535648,60,0.036,7.37e-09,186000000.0,132.0,25
1716.0,52.90343437199,60,0.036,7.37e-09,186000000.0,132.0,25
1717.0,52.9105033875,60,0.036,7.37e-09,186000000.0,132.0,25
1718.0,52.91750297551,60,0.036,7.37e-09,186000000.0,132.0,25
1719.0,52.92450256352,60,0.036,7.37e-09,186000000.0,132.0,25
1720.0,52.93150215153,60,0.036,7.37e-09,186000000.0,132.0,25
1721.0,52.93850173954,60,0.036,7.37e-09,186000000.0,132.0,25
1722.0,52.94550132755,60,0.036,7.37e-09,186000000.0,132.0,25
1723.0,52.95250091556,60,0.036,7.37e-09,186000000.0,132.0,25
1724.0,52.95950050357,60,0.036,7.37e-09,186000000.0,132.0,25
1725.0,52.96650009158,60,0.036,7.37e-09,186000000.0,132.0,25
1726.0,52.97349967959,60,0.036,7.37e-09,186000000.0,132.0,25
1727.0,52.9804992676,60,0.036,7.37e-09,186000000.0,132.0,25
1728.0,52.98742942812,60,0.036,7.37e-09,186000000.0,132.0,25
1729.0,52.99435958864,60,0.036,7.37e-09,186000000.0,132.0,25
1730.0,53.00128974916,60,0.036,7.37e-09,186000000.0,132.0,25
1731.0,53.00821990968,60,0.036,7.37e-09,186000000.0,132.0,25
1732.0,53.0151500702,60,0.036,7.37e-09,186000000.0,132.0,25
1733.0,53.02208023072,60,0.036,7.37e-09,186000000.0,132.0,25
1734.0,53.02901039124,60,0.036,7.37e-09,186000000.0,132.0,25
1735.0,53.03594055176,60,0.036,7.37e-09,186000000.0,132.0,25
1736.0,53.04287071228,60,0.036,7.37e-09,186000000.0,132.0,25
1737.0,53.0498008728,60,0.036,7.37e-09,186000000.0,132.0,25
1738.0,53.05666275024,60,0.036,7.37e-09,186000000.0,132.0,25
1739.0,53.06352462768,60,0.036,7.37e-09,186000000.0,132.0,25
1740.0,53.07038650512,60,0.036,7.37e-09,186000000.0,132.0,25
1741.0,53.07724838256,60,0.036,7.37e-09,186000000.0,132.0,25
1742.0,53.08411026,60,0.036,7.37e-09,186000000.0,132.0,25
1743.0,53.09097213744,60,0.036,7.37e-09,186000000.0,132.0,25
1744.0,53.09783401488,60,0.036,7.37e-09,186000000.0,132.0,25
1745.0,53.10469589232,60,0.036,7.37e-09,186000000.0,132.0,25
1746.0,53.11155776976,60,0.036,7.37e-09,186000000.0,132.0,25
1747.0,53.1184196472,60,0.036,7.37e-09,186000000.0,132.0,25
1748.0,53.12521362303,60,0.036,7.37e-09,186000000.0,132.0,25
1749.0,53.13200759886,60,0.036,7.37e-09,186000000.0,132.0,25
1750.0,53.13880157469,60,0.036,7.37e-09,186000000.0,132.0,25
1751.0,53.14559555052,60,0.036,7.37e-09,186000000.0,132.0,25
1752.0,53.15238952635,60,0.036,7.37e-09,186000000.0,132.0,25
1753.0,53.15918350218,60,0.036,7.37e-09,186000000.0,132.0,25
1754.0,53.16597747801,60,0.036,7.37e-09,186000000.0,132.0,25
1755.0,53.17277145384,60,0.036,7.37e-09,186000000.0,132.0,25
1756.0,53.17956542967,60,0.036,7.37e-09,186000000.0,132.0,25
1757.0,53.1863594055,60,0.036,7.37e-09,186000000.0,132.0,25
1758.0,53.19308624266,60,0.036,7.37e-09,186000000.0,132.0,25
1759.0,53.19981307982,60,0.036,7.37e-09,186000000.0,132.0,25
1760.0,53.20653991698,60,0.036,7.37e-09,186000000.0,132.0,25
1761.0,53.21326675414,60,0.036,7.37e-09,186000000.0,132.0,25
1762.0,53.2199935913,60,0.036,7.37e-09,186000000.0,132.0,25
1763.0,53.22672042846,60,0.036,7.37e-09,186000000.0,132.0,25
1764.0,53.23344726562,60,0.036,7.37e-09,186000000.0,132.0,25
1765.0,53.24017410278,60,0.036,7.37e-09,186000000.0,132.0,25
1766.0,53.24690093994,60,0.036,7.37e-09,186000000.0,132.0,25
1767.0,53.2536277771,60,0.036,7.37e-09,186000000.0,132.0,25
1768.0,53.26028823853,60,0.036,7.37e-09,186000000.0,132.0,25
1769.0,53.26694869996,60,0.036,7.37e-09,186000000.0,132.0,25
1770.0,53.27360916139,60,0.036,7.37e-09,186000000.0,132.0,25
1771.0,53.28026962282,60,0.036,7.37e-09,186000000.0,132.0,25
1772.0,53.28693008425,60,0.036,7.37e-09,186000000.0,132.0,25
1773.0,53.29359054568,60,0.036,7.37e-09,186000000.0,132.0,25
1774.0,53.30025100711,60,0.036,7.37e-09,186000000.0,132.0,25
1775.0,53.30691146854,60,0.036,7.37e-09,186000000.0,132.0,25
1776.0,53.31357192997,60,0.036,7.37e-09,186000000.0,132.0,25
1777.0,53.3202323914,60,0.036,7.37e-09,186000000.0,132.0,25
1778.0,53.32682724003,60,0.036,7.37e-09,186000000.0,132.0,25
1779.0,53.33342208866,60,0.036,7.37e-09,186000000.0,132.0,25
1780.0,53.34001693729,60,0.036,7.37e-09,186000000.0,132.0,25
1781.0,53.34661178592,60,0.036,7.37e-09,186000000.0,132.0,25
1782.0,53.35320663455,60,0.036,7.37e-09,186000000.0,132.0,25
1783.0,53.35980148318,60,0.036,7.37e-09,186000000.0,132.0,25
1784.0,53.36639633181,60,0.036,7.37e-09,186000000.0,132.0,25
1785.0,53.37299118044,60,0.036,7.37e-09,186000000.0,132.0,25
1786.0,53.37958602907,60,0.036,7.37e-09,186000000.0,132.0,25
1787.0,53.3861808777,60,0.036,7.37e-09,186000000.0,132.0,25
1788.0,53.39271087648,60,0.036,7.37e-09,186000000.0,132.0,25
1789.0,53.39924087526,60,0.036,7.37e-09,186000000.0,132.0,25
1790.0,53.40577087404,60,0.036,7.37e-09,186000000.0,132.0,25
1791.0,53.41230087282,60,0.036,7.37e-09,186000000.0,132.0,25
1792.0,53.4188308716,60,0.036,7.37e-09,186000000.0,132.0,25
1793.0,53.42536087038,60,0.036,7.37e-09,186000000.0,132.0,25
1794.0,53.43189086916,60,0.036,7.37e-09,186000000.0,132.0,25
1795.0,53.43842086794,60,0.036,7.37e-09,186000000.0,132.0,25
1796.0,53.44495086672,60,0.036,7.37e-09,186000000.0,132.0,25
1797.0,53.4514808655,60,0.036,7.37e-09,186000000.0,132.0,25
1798.0,53.45794601442,60,0.036,7.37e-09,186000000.0,132.0,25
1799.0,53.46441116334,60,0.036,7.37e-09,186000000.0,132.0,25
1800.0,53.47087631226,60,0.036,7.37e-09,186000000.0,132.0,25
1801.0,53.47734146118,60,0.036,7.37e-09,186000000.0,132.0,25
1802.0,53.4838066101,60,0.036,7.37e-09,186000000.0,132.0,25
1803.0,53.49027175902,60,0.036,7.37e-09,186000000.0,132.0,25
1804.0,53.49673690794,60,0.036,7.37e-09,186000000.0,132.0,25
1805.0,53.50320205686,60,0.036,7.37e-09,186000000.0,132.0,25
1806.0,53.50966720578,60,0.036,7.37e-09,186000000.0,132.0,25
1807.0,53.5161323547,60,0.036,7.37e-09,186000000.0,132.0,25
1808.0,53.52253379819,60,0.036,7.37e-09,186000000.0,132.0,25
1809.0,53.52893524168,60,0.036,7.37e-09,186000000.0,132.0,25
1810.0,53.53533668517,60,0.036,7.37e-09,186000000.0,132.0,25
1811.0,53.54173812866,60,0.036,7.37e-09,186000000.0,132.0,25
1812.0,53.54813957215,60,0.036,7.37e-09,186000000.0,132.0,25
1813.0,53.55454101564,60,0.036,7.37e-09,186000000.0,132.0,25
1814.0,53.56094245913,60,0.036,7.37e-09,186000000.0,132.0,25
1815.0,53.56734390262,60,0.036,7.37e-09,186000000.0,132.0,25
1816.0,53.57374534611,60,0.036,7.37e-09,186000000.0,132.0,25
1817.0,53.5801467896,60,0.036,7.37e-09,186000000.0,132.0,25
1818.0,53.5864849091,60,0.036,7.37e-09,186000000.0,132.0,25
1819.0,53.5928230286,60,0.036,7.37e-09,186000000.0,132.0,25
1820.0,53.5991611481,60,0.036,7.37e-09,186000000.0,132.0,25
1821.0,53.6054992676,60,0.036,7.37e-09,186000000.0,132.0,25
1822.0,53.6118373871,60,0.036,7.37e-09,186000000.0,132.0,25
1823.0,53.6181755066,60,0.036,7.37e-09,186000000.0,132.0,25
1824.0,53.6245136261,60,0.036,7.37e-09,186000000.0,132.0,25
1825.0,53.6308517456,60,0.036,7.37e-09,186000000.0,132.0,25
1826.0,53.6371898651,60,0.036,7.37e-09,186000000.0,132.0,25
1827.0,53.6435279846,60,0.036,7.37e-09,186000000.0,132.0,25
1828.0,53.64980354307,60,0.036,7.37e-09,186000000.0,132.0,25
1829.0,53.65607910154,60,0.036,7.37e-09,186000000.0,132.0,25
1830.0,53.66235466001,60,0.036,7.37e-09,186000000.0,132.0,25
1831.0,53.66863021848,60,0.036,7.37e-09,186000000.0,132.0,25
1832.0,53.67490577695,60,0.036,7.37e-09,186000000.0,132.0,25
1833.0,53.68118133542,60,0.036,7.37e-09,186000000.0,132.0,25
1834.0,53.68745689389,60,0.036,7.37e-09,186000000.0,132.0,25
1835.0,53.69373245236,60,0.036,7.37e-09,186000000.0,132.0,25
1836.0,53.70000801083,60,0.036,7.37e-09,186000000.0,132.0,25
1837.0,53.7062835693,60,0.036,7.37e-09,186000000.0,132.0,25
1838.0,53.71249732968,60,0.036,7.37e-09,186000000.0,132.0,25
1839.0,53.71871109006,60,0.036,7.37e-09,186000000.0,132.0,25
1840.0,53.72492485044,60,0.036,7.37e-09,186000000.0,132.0,25
1841.0,53.73113861082,60,0.036,7.37e-09,186000000.0,132.0,25
1842.0,53.7373523712,60,0.036,7.37e-09,186000000.0,132.0,25
1843.0,53.74356613158,60,0.036,7.37e-09,186000000.0,132.0,25
1844.0,53.74977989196,60,0.036,7.37e-09,186000000.0,132.0,25
1845.0,53.75599365234,60,0.036,7.37e-09,186000000.0,132.0,25
1846.0,53.76220741272,60,0.036,7.37e-09,186000000.0,132.0,25
1847.0,53.7684211731,60,0.036,7.37e-09,186000000.0,132.0,25
1848.0,53.77457351685,60,0.036,7.37e-09,186000000.0,132.0,25
1849.0,53.7807258606,60,0.036,7.37e-09,186000000.0,132.0,25
1850.0,53.78687820435,60,0.036,7.37e-09,186000000.0,132.0,25
1851.0,53.7930305481,60,0.036,7.37e-09,186000000.0,132.0,25
1852.0,53.79918289185,60,0.036,7.37e-09,186000000.0,132.0,25
1853.0,53.8053352356,60,0.036,7.37e-09,186000000.0,132.0,25
1854.0,53.81148757935,60,0.036,7.37e-09,186000000.0,132.0,25
1855.0,53.8176399231,60,0.036,7.37e-09,186000000.0,132.0,25
1856.0,53.82379226685,60,0.036,7.37e-09,186000000.0,132.0,25
1857.0,53.8299446106,60,0.036,7.37e-09,186000000.0,132.0,25
1858.0,53.83603630066,60,0.036,7.37e-09,186000000.0,132.0,25
1859.0,53.84212799072,60,0.036,7.37e-09,186000000.0,132.0,25
1860.0,53.84821968078,60,0.036,7.37e-09,186000000.0,132.0,25
1861.0,53.85431137084,60,0.036,7.37e-09,186000000.0,132.0,25
1862.0,53.8604030609,60,0.036,7.37e-09,186000000.0,132.0,25
1863.0,53.86649475096,60,0.036,7.37e-09,186000000.0,132.0,25
1864.0,53.87258644102,60,0.036,7.37e-09,186000000.0,132.0,25
1865.0,53.87867813108,60,0.036,7.37e-09,186000000.0,132.0,25
1866.0,53.88476982114,60,0.036,7.37e-09,186000000.0,132.0,25
1867.0,53.8908615112,60,0.036,7.37e-09,186000000.0,132.0,25
1868.0,53.89689292905,60,0.036,7.37e-09,186000000.0,132.0,25
1869.0,53.9029243469,60,0.036,7.37e-09,186000000.0,132.0,25
1870.0,53.90895576475,60,0.036,7.37e-09,186000000.0,132.0,25
1871.0,53.9149871826,60,0.036,7.37e-09,186000000.0,132.0,25
1872.0,53.92101860045,60,0.036,7.37e-09,186000000.0,132.0,25
1873.0,53.9270500183,60,0.036,7.37e-09,186000000.0,132.0,25
1874.0,53.93308143615,60,0.036,7.37e-09,186000000.0,132.0,25
1875.0,53.939112854,60,0.036,7.37e-09,186000000.0,132.0,25
1876.0,53.94514427185,60,0.036,7.37e-09,186000000.0,132.0,25
1877.0,53.9511756897,60,0.036,7.37e-09,186000000.0,132.0,25
1878.0,53.95714759827,60,0.036,7.37e-09,186000000.0,132.0,25
1879.0,53.96311950684,60,0.036,7.37e-09,186000000.0,132.0,25
1880.0,53.96909141541,60,0.036,7.37e-09,186000000.0,132.0,25
1881.0,53.97506332398,60,0.036,7.37e-09,186000000.0,132.0,25
1882.0,53.98103523255,60,0.036,7.37e-09,186000000.0,132.0,25
1883.0,53.98700714112,60,0.036,7.37e-09,186000000.0,132.0,25
1884.0,53.99297904969,60,0.036,7.37e-09,186000000.0,132.0,25
1885.0,53.99895095826,60,0.036,7.37e-09,186000000.0,132.0,25
1886.0,54.00492286683,60,0.036,7.37e-09,186000000.0,132.0,25
1887.0,54.0108947754,60,0.036,7.37e-09,186000000.0,132.0,25
1888.0,54.01680755616,60,0.036,7.37e-09,186000000.0,132.0,25
1889.0,54.02272033692,60,0.036,7.37e-09,186000000.0,132.0,25
1890.0,54.02863311768,60,0.036,7.37e-09,186000000.0,132.0,25
1891.0,54.03454589844,60,0.036,7.37e-09,186000000.0,132.0,25
1892.0,54.0404586792,60,0.036,7.37e-09,186000000.0,132.0,25
1893.0,54.04637145996,60,0.036,7.37e-09,186000000.0,132.0,25
1894.0,54.05228424072,60,0.036,7.37e-09,186000000.0,132.0,25
1895.0,54.05819702148,60,0.036,7.37e-09,186000000.0,132.0,25
1896.0,54.06410980224,60,0.036,7.37e-09,186000000.0,132.0,25
1897.0,54.070022583,60,0.036,7.37e-09,186000000.0,132.0,25
1898.0,54.07587699889,60,0.036,7.37e-09,186000000.0,132.0,25
1899.0,54.08173141478,60,0.036,7.37e-09,186000000.0,132.0,25
1900.0,54.08758583067,60,0.036,7.37e-09,186000000.0,132.0,25
1901.0,54.09344024656,60,0.036,7.37e-09,186000000.0,132.0,25
1902.0,54.09929466245,60,0.036,7.37e-09,186000000.0,132.0,25
1903.0,54.10514907834,60,0.036,7.37e-09,186000000.0,132.0,25
1904.0,54.11100349423,60,0.036,7.37e-09,186000000.0,132.0,25
1905.0,54.11685791012,60,0.036,7.37e-09,186000000.0,132.0,25
1906.0,54.12271232601,60,0.036,7.37e-09,186000000.0,132.0,25
1907.0,54.1285667419,60,0.036,7.37e-09,186000000.0,132.0,25
1908.0,54.13436355587,60,0.036,7.37e-09,186000000.0,132.0,25
1909.0,54.14016036984,60,0.036,7.37e-09,186000000.0,132.0,25
1910.0,54.14595718381,60,0.036,7.37e-09,186000000.0,132.0,25
1911.0,54.15175399778,60,0.036,7.37e-09,186000000.0,132.0,25
1912.0,54.15755081175,60,0.036,7.37e-09,186000000.0,132.0,25
1913.0,54.16334762572,60,0.036,7.37e-09,186000000.0,132.0,25
1914.0,54.16914443969,60,0.036,7.37e-09,186000000.0,132.0,25
1915.0,54.17494125366,60,0.036,7.37e-09,186000000.0,132.0,25
1916.0,54.18073806763,60,0.036,7.37e-09,186000000.0,132.0,25
1917.0,54.1865348816,60,0.036,7.37e-09,186000000.0,132.0,25
1918.0,54.19227447511,60,0.036,7.37e-09,186000000.0,132.0,25
1919.0,54.19801406862,60,0.036,7.37e-09,186000000.0,132.0,25
1920.0,54.20375366213,60,0.036,7.37e-09,186000000.0,132.0,25
1921.0,54.20949325564,60,0.036,7.37e-09,186000000.0,132.0,25
1922.0,54.21523284915,60,0.036,7.37e-09,186000000.0,132.0,25
1923.0,54.22097244266,60,0.036,7.37e-09,186000000.0,132.0,25
1924.0,54.22671203617,60,0.036,7.37e-09,186000000.0,132.0,25
1925.0,54.23245162968,60,0.036,7.37e-09,186000000.0,132.0,25
1926.0,54.23819122319,60,0.036,7.37e-09,186000000.0,132.0,25
1927.0,54.2439308167,60,0.036,7.37e-09,186000000.0,132.0,25
1928.0,54.24961357121,60,0.036,7.37e-09,186000000.0,132.0,25
1929.0,54.25529632572,60,0.036,7.37e-09,186000000.0,132.0,25
1930.0,54.26097908023,60,0.036,7.37e-09,186000000.0,132.0,25
1931.0,54.26666183474,60,0.036,7.37e-09,186000000.0,132.0,25
1932.0,54.27234458925,60,0.036,7.37e-09,186000000.0,132.0,25
1933.0,54.27802734376,60,0.036,7.37e-09,186000000.0,132.0,25
1934.0,54.28371009827,60,0.036,7.37e-09,186000000.0,132.0,25
1935.0,54.28939285278,60,0.036,7.37e-09,186000000.0,132.0,25
1936.0,54.29507560729,60,0.036,7.37e-09,186000000.0,132.0,25
1937.0,54.3007583618,60,0.036,7.37e-09,186000000.0,132.0,25
1938.0,54.30638542174,60,0.036,7.37e-09,186000000.0,132.0,25
1939.0,54.31201248168,60,0.036,7.37e-09,186000000.0,132.0,25
1940.0,54.31763954162,60,0.036,7.37e-09,186000000.0,132.0,25
1941.0,54.32326660156,60,0.036,7.37e-09,186000000.0,132.0,25
1942.0,54.3288936615,60,0.036,7.37e-09,186000000.0,132.0,25
1943.0,54.33452072144,60,0.036,7.37e-09,186000000.0,132.0,25
1944.0,54.34014778138,60,0.036,7.37e-09,186000000.0,132.0,25
1945.0,54.34577484132,60,0.036,7.37e-09,186000000.0,132.0,25
1946.0,54.35140190126,60,0.036,7.37e-09,186000000.0,132.0,25
1947.0,54.3570289612,60,0.036,7.37e-09,186000000.0,132.0,25
1948.0,54.36259994508,60,0.036,7.37e-09,186000000.0,132.0,25
1949.0,54.36817092896,60,0.036,7.37e-09,186000000.0,132.0,25
1950.0,54.37374191284,60,0.036,7.37e-09,186000000.0,132.0,25
1951.0,54.37931289672,60,0.036,7.37e-09,186000000.0,132.0,25
1952.0,54.3848838806,60,0.036,7.37e-09,186000000.0,132.0,25
1953.0,54.39045486448,60,0.036,7.37e-09,186000000.0,132.0,25
1954.0,54.39602584836,60,0.036,7.37e-09,186000000.0,132.0,25
1955.0,54.40159683224,60,0.036,7.37e-09,186000000.0,132.0,25
1956.0,54.40716781612,60,0.036,7.37e-09,186000000.0,132.0,25
1957.0,54.4127388,60,0.036,7.37e-09,186000000.0,132.0,25
1958.0,54.41825523372,60,0.036,7.37e-09,186000000.0,132.0,25
1959.0,54.42377166744,60,0.036,7.37e-09,186000000.0,132.0,25
1960.0,54.42928810116,60,0.036,7.37e-09,186000000.0,132.0,25
1961.0,54.43480453488,60,0.036,7.37e-09,186000000.0,132.0,25
1962.0,54.4403209686,60,0.036,7.37e-09,186000000.0,132.0,25
1963.0,54.44583740232,60,0.036,7.37e-09,186000000.0,132.0,25
1964.0,54.45135383604,60,0.036,7.37e-09,186000000.0,132.0,25
1965.0,54.45687026976,60,0.036,7.37e-09,186000000.0,132.0,25
1966.0,54.46238670348,60,0.036,7.37e-09,186000000.0,132.0,25
1967.0,54.4679031372,60,0.036,7.37e-09,186000000.0,132.0,25
1968.0,54.47336463928,60,0.036,7.37e-09,186000000.0,132.0,25
1969.0,54.47882614136,60,0.036,7.37e-09,186000000.0,132.0,25
1970.0,54.48428764344,60,0.036,7.37e-09,186000000.0,132.0,25
1971.0,54.48974914552,60,0.036,7.37e-09,186000000.0,132.0,25
1972.0,54.4952106476,60,0.036,7.37e-09,186000000.0,132.0,25
1973.0,54.50067214968,60,0.036,7.37e-09,186000000.0,132.0,25
1974.0,54.50613365176,60,0.036,7.37e-09,186000000.0,132.0,25
1975.0,54.51159515384,60,0.036,7.37e-09,186000000.0,132.0,25
1976.0,54.51705665592,60,0.036,7.37e-09,186000000.0,132.0,25
1977.0,54.522518158,60,0.036,7.37e-09,186000000.0,132.0,25
1978.0,54.52792587284,60,0.036,7.37e-09,186000000.0,132.0,25
1979.0,54.53333358768,60,0.036,7.37e-09,186000000.0,132.0,25
1980.0,54.53874130252,60,0.036,7.37e-09,186000000.0,132.0,25
1981.0,54.54414901736,60,0.036,7.37e-09,186000000.0,132.0,25
1982.0,54.5495567322,60,0.036,7.37e-09,186000000.0,132.0,25
1983.0,54.55496444704,60,0.036,7.37e-09,186000000.0,132.0,25
1984.0,54.56037216188,60,0.036,7.37e-09,186000000.0,132.0,25
1985.0,54.56577987672,60,0.036,7.37e-09,186000000.0,132.0,25
1986.0,54.57118759156,60,0.036,7.37e-09,186000000.0,132.0,25
1987.0,54.5765953064,60,0.036,7.37e-09,186000000.0,132.0,25
1988.0,54.58194999695,60,0.036,7.37e-09,186000000.0,132.0,25
1989.0,54.5873046875,60,0.036,7.37e-09,186000000.0,132.0,25
1990.0,54.59265937805,60,0.036,7.37e-09,186000000.0,132.0,25
1991.0,54.5980140686,60,0.036,7.37e-09,186000000.0,132.0,25
1992.0,54.60336875915,60,0.036,7.37e-09,186000000.0,132.0,25
1993.0,54.6087234497,60,0.036,7.37e-09,186000000.0,132.0,25
1994.0,54.61407814025,60,0.036,7.37e-09,186000000.0,132.0,25
1995.0,54.6194328308,60,0.036,7.37e-09,186000000.0,132.0,25
1996.0,54.62478752135,60,0.036,7.37e-09,186000000.0,132.0,25
1997.0,54.6301422119,60,0.036,7.37e-09,186000000.0,132.0,25
1998.0,54.63544349669,60,0.036,7.37e-09,186000000.0,132.0,25
1999.0,54.64074478148,60,0.036,7.37e-09,186000000.0,132.0,25
2000.0,54.64604606627,60,0.036,7.37e-09,186000000.0,132.0,25
2001.0,54.65134735106,60,0.036,7.37e-09,186000000.0,132.0,25
2002.0,54.65664863585,60,0.036,7.37e-09,186000000.0,132.0,25
2003.0,54.66194992064,60,0.036,7.37e-09,186000000.0,132.0,25
2004.0,54.66725120543,60,0.036,7.37e-09,186000000.0,132.0,25
2005.0,54.67255249022,60,0.036,7.37e-09,186000000.0,132.0,25
2006.0,54.67785377501,60,0.036,7.37e-09,186000000.0,132.0,25
2007.0,54.6831550598,60,0.036,7.37e-09,186000000.0,132.0,25
2008.0,54.68840446471,60,0.036,7.37e-09,186000000.0,132.0,25
2009.0,54.69365386962,60,0.036,7.37e-09,186000000.0,132.0,25
2010.0,54.69890327453,60,0.036,7.37e-09,186000000.0,132.0,25
2011.0,54.70415267944,60,0.036,7.37e-09,186000000.0,132.0,25
2012.0,54.70940208435,60,0.036,7.37e-09,186000000.0,132.0,25
2013.0,54.71465148926,60,0.036,7.37e-09,186000000.0,132.0,25
2014.0,54.71990089417,60,0.036,7.37e-09,186000000.0,132.0,25
2015.0,54.72515029908,60,0.036,7.37e-09,186000000.0,132.0,25
2016.0,54.73039970399,60,0.036,7.37e-09,186000000.0,132.0,25
2017.0,54.7356491089,60,0.036,7.37e-09,186000000.0,132.0,25
2018.0,54.74084663392,60,0.036,7.37e-09,186000000.0,132.0,25
2019.0,54.74604415894,60,0.036,7.37e-09,186000000.0,132.0,25
2020.0,54.75124168396,60,0.036,7.37e-09,186000000.0,132.0,25
2021.0,54.75643920898,60,0.036,7.37e-09,186000000.0,132.0,25
2022.0,54.761636734,60,0.036,7.37e-09,186000000.0,132.0,25
2023.0,54.76683425902,60,0.036,7.37e-09,186000000.0,132.0,25
2024.0,54.77203178404,60,0.036,7.37e-09,186000000.0,132.0,25
2025.0,54.77722930906,60,0.036,7.37e-09,186000000.0,132.0,25
2026.0,54.78242683408,60,0.036,7.37e-09,186000000.0,132.0,25
2027.0,54.7876243591,60,0.036,7.37e-09,186000000.0,132.0,25
2028.0,54.79277038571,60,0.036,7.37e-09,186000000.0,132.0,25
2029.0,54.79791641232,60,0.036,7.37e-09,186000000.0,132.0,25
2030.0,54.80306243893,60,0.036,7.37e-09,186000000.0,132.0,25
2031.0,54.80820846554,60,0.036,7.37e-09,186000000.0,132.0,25
2032.0,54.81335449215,60,0.036,7.37e-09,186000000.0,132.0,25
2033.0,54.81850051876,60,0.036,7.37e-09,186000000.0,132.0,25
2034.0,54.82364654537,60,0.036,7.37e-09,186000000.0,132.0,25
2035.0,54.82879257198,60,0.036,7.37e-09,186000000.0,132.0,25
2036.0,54.83393859859,60,0.036,7.37e-09,186000000.0,132.0,25
2037.0,54.8390846252,60,0.036,7.37e-09,186000000.0,132.0,25
2038.0,54.84417991634,60,0.036,7.37e-09,186000000.0,132.0,25
2039.0,54.84927520748,60,0.036,7.37e-09,186000000.0,132.0,25
2040.0,54.85437049862,60,0.036,7.37e-09,186000000.0,132.0,25
2041.0,54.85946578976,60,0.036,7.37e-09,186000000.0,132.0,25
2042.0,54.8645610809,60,0.036,7.37e-09,186000000.0,132.0,25
2043.0,54.86965637204,60,0.036,7.37e-09,186000000.0,132.0,25
2044.0,54.87475166318,60,0.036,7.37e-09,186000000.0,132.0,25
2045.0,54.87984695432,60,0.036,7.37e-09,186000000.0,132.0,25
2046.0,54.88494224546,60,0.036,7.37e-09,186000000.0,132.0,25
2047.0,54.8900375366,60,0.036,7.37e-09,186000000.0,132.0,25
2048.0,54.89508247374,60,0.036,7.37e-09,186000000.0,132.0,25
2049.0,54.90012741088,60,0.036,7.37e-09,186000000.0,132.0,25
2050.0,54.90517234802,60,0.036,7.37e-09,186000000.0,132.0,25
2051.0,54.91021728516,60,0.036,7.37e-09,186000000.0,132.0,25
2052.0,54.9152622223,60,0.036,7.37e-09,186000000.0,132.0,25
2053.0,54.92030715944,60,0.036,7.37e-09,186000000.0,132.0,25
2054.0,54.92535209658,60,0.036,7.37e-09,186000000.0,132.0,25
2055.0,54.93039703372,60,0.036,7.37e-09,186000000.0,132.0,25
2056.0,54.93544197086,60,0.036,7.37e-09,186000000.0,132.0,25
2057.0,54.940486908,60,0.036,7.37e-09,186000000.0,132.0,25
2058.0,54.9454818726,60,0.036,7.37e-09,186000000.0,132.0,25
2059.0,54.9504768372,60,0.036,7.37e-09,186000000.0,132.0,25
2060.0,54.9554718018,60,0.036,7.37e-09,186000000.0,132.0,25
2061.0,54.9604667664,60,0.036,7.37e-09,186000000.0,132.0,25
2062.0,54.965461731,60,0.036,7.37e-09,186000000.0,132.0,25
2063.0,54.9704566956,60,0.036,7.37e-09,186000000.0,132.0,25
2064.0,54.9754516602,60,0.036,7.37e-09,186000000.0,132.0,25
2065.0,54.9804466248,60,0.036,7.37e-09,186000000.0,132.0,25
2066.0,54.9854415894,60,0.036,7.37e-09,186000000.0,132.0,25
2067.0,54.990436554,60,0.036,7.37e-09,186000000.0,132.0,25
2068.0,54.99538269047,60,0.036,7.37e-09,186000000.0,132.0,25
2069.0,55.00032882694,60,0.036,7.37e-09,186000000.0,132.0,25
2070.0,55.00527496341,60,0.036,7.37e-09,186000000.0,132.0,25
2071.0,55.01022109988,60,0.036,7.37e-09,186000000.0,132.0,25
2072.0,55.01516723635,60,0.036,7.37e-09,186000000.0,132.0,25
2073.0,55.02011337282,60,0.036,7.37e-09,186000000.0,132.0,25
2074.0,55.02505950929,60,0.036,7.37e-09,186000000.0,132.0,25
2075.0,55.03000564576,60,0.036,7.37e-09,186000000.0,132.0,25
2076.0,55.03495178223,60,0.036,7.37e-09,186000000.0,132.0,25
2077.0,55.0398979187,60,0.036,7.37e-09,186000000.0,132.0,25
2078.0,55.04479484558,60,0.036,7.37e-09,186000000.0,132.0,25
2079.0,55.04969177246,60,0.036,7.37e-09,186000000.0,132.0,25
2080.0,55.05458869934,60,0.036,7.37e-09,186000000.0,132.0,25
2081.0,55.05948562622,60,0.036,7.37e-09,186000000.0,132.0,25
2082.0,55.0643825531,60,0.036,7.37e-09,186000000.0,132.0,25
2083.0,55.06927947998,60,0.036,7.37e-09,186000000.0,132.0,25
2084.0,55.07417640686,60,0.036,7.37e-09,186000000.0,132.0,25
2085.0,55.07907333374,60,0.036,7.37e-09,186000000.0,132.0,25
2086.0,55.08397026062,60,0.036,7.37e-09,186000000.0,132.0,25
2087.0,55.0888671875,60,0.036,7.37e-09,186000000.0,132.0,25
2088.0,55.09371566772,60,0.036,7.37e-09,186000000.0,132.0,25
2089.0,55.09856414794,60,0.036,7.37e-09,186000000.0,132.0,25
2090.0,55.10341262816,60,0.036,7.37e-09,186000000.0,132.0,25
2091.0,55.10826110838,60,0.036,7.37e-09,186000000.0,132.0,25
2092.0,55.1131095886,60,0.036,7.37e-09,186000000.0,132.0,25
2093.0,55.11795806882,60,0.036,7.37e-09,186000000.0,132.0,25
2094.0,55.12280654904,60,0.036,7.37e-09,186000000.0,132.0,25
2095.0,55.12765502926,60,0.036,7.37e-09,186000000.0,132.0,25
2096.0,55.13250350948,60,0.036,7.37e-09,186000000.0,132.0,25
2097.0,55.1373519897,60,0.036,7.37e-09,186000000.0,132.0,25
2098.0,55.14215278621,60,0.036,7.37e-09,186000000.0,132.0,25
2099.0,55.14695358272,60,0.036,7.37e-09,186000000.0,132.0,25
2100.0,55.15175437923,60,0.036,7.37e-09,186000000.0,132.0,25
2101.0,55.15655517574,60,0.036,7.37e-09,186000000.0,132.0,25
2102.0,55.16135597225,60,0.036,7.37e-09,186000000.0,132.0,25
2103.0,55.16615676876,60,0.036,7.37e-09,186000000.0,132.0,25
2104.0,55.17095756527,60,0.036,7.37e-09,186000000.0,132.0,25
2105.0,55.17575836178,60,0.036,7.37e-09,186000000.0,132.0,25
2106.0,55.18055915829,60,0.036,7.37e-09,186000000.0,132.0,25
2107.0,55.1853599548,60,0.036,7.37e-09,186000000.0,132.0,25
2108.0,55.19011344907,60,0.036,7.37e-09,186000000.0,132.0,25
2109.0,55.19486694334,60,0.036,7.37e-09,186000000.0,132.0,25
2110.0,55.19962043761,60,0.036,7.37e-09,186000000.0,132.0,25
2111.0,55.20437393188,60,0.036,7.37e-09,186000000.0,132.0,25
2112.0,55.20912742615,60,0.036,7.37e-09,186000000.0,132.0,25
2113.0,55.21388092042,60,0.036,7.37e-09,186000000.0,132.0,25
2114.0,55.21863441469,60,0.036,7.37e-09,186000000.0,132.0,25
2115.0,55.22338790896,60,0.036,7.37e-09,186000000.0,132.0,25
2116.0,55.22814140323,60,0.036,7.37e-09,186000000.0,132.0,25
2117.0,55.2328948975,60,0.036,7.37e-09,186000000.0,132.0,25
2118.0,55.23760147098,60,0.036,7.37e-09,186000000.0,132.0,25
2119.0,55.24230804446,60,0.036,7.37e-09,186000000.0,132.0,25
2120.0,55.24701461794,60,0.036,7.37e-09,186000000.0,132.0,25
2121.0,55.25172119142,60,0.036,7.37e-09,186000000.0,132.0,25
2122.0,55.2564277649,60,0.036,7.37e-09,186000000.0,132.0,25
2123.0,55.26113433838,60,0.036,7.37e-09,186000000.0,132.0,25
2124.0,55.26584091186,60,0.036,7.37e-09,186000000.0,132.0,25
2125.0,55.27054748534,60,0.036,7.37e-09,186000000.0,132.0,25
2126.0,55.27525405882,60,0.036,7.37e-09,186000000.0,132.0,25
2127.0,55.2799606323,60,0.036,7.37e-09,186000000.0,132.0,25
2128.0,55.28462066648,60,0.036,7.37e-09,186000000.0,132.0,25
2129.0,55.28928070066,60,0.036,7.37e-09,186000000.0,132.0,25
2130.0,55.29394073484,60,0.036,7.37e-09,186000000.0,132.0,25
2131.0,55.29860076902,60,0.036,7.37e-09,186000000.0,132.0,25
2132.0,55.3032608032,60,0.036,7.37e-09,186000000.0,132.0,25
2133.0,55.30792083738,60,0.036,7.37e-09,186000000.0,132.0,25
2134.0,55.31258087156,60,0.036,7.37e-09,186000000.0,132.0,25
2135.0,55.31724090574,60,0.036,7.37e-09,186000000.0,132.0,25
2136.0,55.32190093992,60,0.036,7.37e-09,186000000.0,132.0,25
2137.0,55.3265609741,60,0.036,7.37e-09,186000000.0,132.0,25
2138.0,55.33117485044,60,0.036,7.37e-09,186000000.0,132.0,25
2139.0,55.33578872678,60,0.036,7.37e-09,186000000.0,132.0,25
2140.0,55.34040260312,60,0.036,7.37e-09,186000000.0,132.0,25
2141.0,55.34501647946,60,0.036,7.37e-09,186000000.0,132.0,25
2142.0,55.3496303558,60,0.036,7.37e-09,186000000.0,132.0,25
2143.0,55.35424423214,60,0.036,7.37e-09,186000000.0,132.0,25
2144.0,55.35885810848,60,0.036,7.37e-09,186000000.0,132.0,25
2145.0,55.36347198482,60,0.036,7.37e-09,186000000.0,132.0,25
2146.0,55.36808586116,60,0.036,7.37e-09,186000000.0,132.0,25
2147.0,55.3726997375,60,0.036,7.37e-09,186000000.0,132.0,25
2148.0,55.37726821895,60,0.036,7.37e-09,186000000.0,132.0,25
2149.0,55.3818367004,60,0.036,7.37e-09,186000000.0,132.0,25
2150.0,55.38640518185,60,0.036,7.37e-09,186000000.0,132.0,25
2151.0,55.3909736633,60,0.036,7.37e-09,186000000.0,132.0,25
2152.0,55.39554214475,60,0.036,7.37e-09,186000000.0,132.0,25
2153.0,55.4001106262,60,0.036,7.37e-09,186000000.0,132.0,25
2154.0,55.40467910765,60,0.036,7.37e-09,186000000.0,132.0,25
2155.0,55.4092475891,60,0.036,7.37e-09,186000000.0,132.0,25
2156.0,55.41381607055,60,0.036,7.37e-09,186000000.0,132.0,25
2157.0,55.418384552,60,0.036,7.37e-09,186000000.0,132.0,25
2158.0,55.42290802002,60,0.036,7.37e-09,186000000.0,132.0,25
2159.0,55.42743148804,60,0.036,7.37e-09,186000000.0,132.0,25
2160.0,55.43195495606,60,0.036,7.37e-09,186000000.0,132.0,25
2161.0,55.43647842408,60,0.036,7.37e-09,186000000.0,132.0,25
2162.0,55.4410018921,60,0.036,7.37e-09,186000000.0,132.0,25
2163.0,55.44552536012,60,0.036,7.37e-09,186000000.0,132.0,25
2164.0,55.45004882814,60,0.036,7.37e-09,186000000.0,132.0,25
2165.0,55.45457229616,60,0.036,7.37e-09,186000000.0,132.0,25
2166.0,55.45909576418,60,0.036,7.37e-09,186000000.0,132.0,25
2167.0,55.4636192322,60,0.036,7.37e-09,186000000.0,132.0,25
2168.0,55.46809768679,60,0.036,7.37e-09,186000000.0,132.0,25
2169.0,55.47257614138,60,0.036,7.37e-09,186000000.0,132.0,25
2170.0,55.47705459597,60,0.036,7.37e-09,186000000.0,132.0,25
2171.0,55.48153305056,60,0.036,7.37e-09,186000000.0,132.0,25
2172.0,55.48601150515,60,0.036,7.37e-09,186000000.0,132.0,25
2173.0,55.49048995974,60,0.036,7.37e-09,186000000.0,132.0,25
2174.0,55.49496841433,60,0.036,7.37e-09,186000000.0,132.0,25
2175.0,55.49944686892,60,0.036,7.37e-09,186000000.0,132.0,25
2176.0,55.50392532351,60,0.036,7.37e-09,186000000.0,132.0,25
2177.0,55.5084037781,60,0.036,7.37e-09,186000000.0,132.0,25
2178.0,55.51283836367,60,0.036,7.37e-09,186000000.0,132.0,25
2179.0,55.51727294924,60,0.036,7.37e-09,186000000.0,132.0,25
2180.0,55.52170753481,60,0.036,7.37e-09,186000000.0,132.0,25
2181.0,55.52614212038,60,0.036,7.37e-09,186000000.0,132.0,25
2182.0,55.53057670595,60,0.036,7.37e-09,186000000.0,132.0,25
2183.0,55.53501129152,60,0.036,7.37e-09,186000000.0,132.0,25
2184.0,55.53944587709,60,0.036,7.37e-09,186000000.0,132.0,25
2185.0,55.54388046266,60,0.036,7.37e-09,186000000.0,132.0,25
2186.0,55.54831504823,60,0.036,7.37e-09,186000000.0,132.0,25
2187.0,55.5527496338,60,0.036,7.37e-09,186000000.0,132.0,25
2188.0,55.55714035035,60,0.036,7.37e-09,186000000.0,132.0,25
2189.0,55.5615310669,60,0.036,7.37e-09,186000000.0,132.0,25
2190.0,55.56592178345,60,0.036,7.37e-09,186000000.0,132.0,25
2191.0,55.5703125,60,0.036,7.37e-09,186000000.0,132.0,25
2192.0,55.57470321655,60,0.036,7.37e-09,186000000.0,132.0,25
2193.0,55.5790939331,60,0.036,7.37e-09,186000000.0,132.0,25
2194.0,55.58348464965,60,0.036,7.37e-09,186000000.0,132.0,25
2195.0,55.5878753662,60,0.036,7.37e-09,186000000.0,132.0,25
2196.0,55.59226608275,60,0.036,7.37e-09,186000000.0,132.0,25
2197.0,55.5966567993,60,0.036,7.37e-09,186000000.0,132.0,25
2198.0,55.60100402831,60,0.036,7.37e-09,186000000.0,132.0,25
2199.0,55.60535125732,60,0.036,7.37e-09,186000000.0,132.0,25
2200.0,55.60969848633,60,0.036,7.37e-09,186000000.0,132.0,25
2201.0,55.61404571534,60,0.036,7.37e-09,186000000.0,132.0,25
2202.0,55.61839294435,60,0.036,7.37e-09,186000000.0,132.0,25
2203.0,55.62274017336,60,0.036,7.37e-09,186000000.0,132.0,25
2204.0,55.62708740237,60,0.036,7.37e-09,186000000.0,132.0,25
2205.0,55.63143463138,60,0.036,7.37e-09,186000000.0,132.0,25
2206.0,55.63578186039,60,0.036,7.37e-09,186000000.0,132.0,25
2207.0,55.6401290894,60,0.036,7.37e-09,186000000.0,132.0,25
2208.0,55.64443359379,60,0.036,7.37e-09,186000000.0,132.0,25
2209.0,55.64873809818,60,0.036,7.37e-09,186000000.0,132.0,25
2210.0,55.65304260257,60,0.036,7.37e-09,186000000.0,132.0,25
2211.0,55.65734710696,60,0.036,7.37e-09,186000000.0,132.0,25
2212.0,55.66165161135,60,0.036,7.37e-09,186000000.0,132.0,25
2213.0,55.66595611574,60,0.036,7.37e-09,186000000.0,132.0,25
2214.0,55.67026062013,60,0.036,7.37e-09,186000000.0,132.0,25
2215.0,55.67456512452,60,0.036,7.37e-09,186000000.0,132.0,25
2216.0,55.67886962891,60,0.036,7.37e-09,186000000.0,132.0,25
2217.0,55.6831741333,60,0.036,7.37e-09,186000000.0,132.0,25
2218.0,55.68743591309,60,0.036,7.37e-09,186000000.0,132.0,25
2219.0,55.69169769288,60,0.036,7.37e-09,186000000.0,132.0,25
2220.0,55.69595947267,60,0.036,7.37e-09,186000000.0,132.0,25
2221.0,55.70022125246,60,0.036,7.37e-09,186000000.0,132.0,25
2222.0,55.70448303225,60,0.036,7.37e-09,186000000.0,132.0,25
2223.0,55.70874481204,60,0.036,7.37e-09,186000000.0,132.0,25
2224.0,55.71300659183,60,0.036,7.37e-09,186000000.0,132.0,25
2225.0,55.71726837162,60,0.036,7.37e-09,186000000.0,132.0,25
2226.0,55.72153015141,60,0.036,7.37e-09,186000000.0,132.0,25
2227.0,55.7257919312,60,0.036,7.37e-09,186000000.0,132.0,25
2228.0,55.73001174931,60,0.036,7.37e-09,186000000.0,132.0,25
2229.0,55.73423156742,60,0.036,7.37e-09,186000000.0,132.0,25
2230.0,55.73845138553,60,0.036,7.37e-09,186000000.0,132.0,25
2231.0,55.74267120364,60,0.036,7.37e-09,186000000.0,132.0,25
2232.0,55.74689102175,60,0.036,7.37e-09,186000000.0,132.0,25
2233.0,55.75111083986,60,0.036,7.37e-09,186000000.0,132.0,25
2234.0,55.75533065797,60,0.036,7.37e-09,186000000.0,132.0,25
2235.0,55.75955047608,60,0.036,7.37e-09,186000000.0,132.0,25
2236.0,55.76377029419,60,0.036,7.37e-09,186000000.0,132.0,25
2237.0,55.7679901123,60,0.036,7.37e-09,186000000.0,132.0,25
2238.0,55.77216835022,60,0.036,7.37e-09,186000000.0,132.0,25
2239.0,55.77634658814,60,0.036,7.37e-09,186000000.0,132.0,25
2240.0,55.78052482606,60,0.036,7.37e-09,186000000.0,132.0,25
2241.0,55.78470306398,60,0.036,7.37e-09,186000000.0,132.0,25
2242.0,55.7888813019,60,0.036,7.37e-09,186000000.0,132.0,25
2243.0,55.79305953982,60,0.036,7.37e-09,186000000.0,132.0,25
2244.0,55.79723777774,60,0.036,7.37e-09,186000000.0,132.0,25
2245.0,55.80141601566,60,0.036,7.37e-09,186000000.0,132.0,25
2246.0,55.80559425358,60,0.036,7.37e-09,186000000.0,132.0,25
2247.0,55.8097724915,60,0.036,7.37e-09,186000000.0,132.0,25
2248.0,55.81390953068,60,0.036,7.37e-09,186000000.0,132.0,25
2249.0,55.81804656986,60,0.036,7.37e-09,186000000.0,132.0,25
2250.0,55.82218360904,60,0.036,7.37e-09,186000000.0,132.0,25
2251.0,55.82632064822,60,0.036,7.37e-09,186000000.0,132.0,25
2252.0,55.8304576874,60,0.036,7.37e-09,186000000.0,132.0,25
2253.0,55.83459472658,60,0.036,7.37e-09,186000000.0,132.0,25
2254.0,55.83873176576,60,0.036,7.37e-09,186000000.0,132.0,25
2255.0,55.84286880494,60,0.036,7.37e-09,186000000.0,132.0,25
2256.0,55.84700584412,60,0.036,7.37e-09,186000000.0,132.0,25
2257.0,55.8511428833,60,0.036,7.37e-09,186000000.0,132.0,25
2258.0,55.85523910522,60,0.036,7.37e-09,186000000.0,132.0,25
2259.0,55.85933532714,60,0.036,7.37e-09,186000000.0,132.0,25
2260.0,55.86343154906,60,0.036,7.37e-09,186000000.0,132.0,25
2261.0,55.86752777098,60,0.036,7.37e-09,186000000.0,132.0,25
2262.0,55.8716239929,60,0.036,7.37e-09,186000000.0,132.0,25
2263.0,55.87572021482,60,0.036,7.37e-09,186000000.0,132.0,25
2264.0,55.87981643674,60,0.036,7.37e-09,186000000.0,132.0,25
2265.0,55.88391265866,60,0.036,7.37e-09,186000000.0,132.0,25
2266.0,55.88800888058,60,0.036,7.37e-09,186000000.0,132.0,25
2267.0,55.8921051025,60,0.036,7.37e-09,186000000.0,132.0,25
2268.0,55.89616050717,60,0.036,7.37e-09,186000000.0,132.0,25
2269.0,55.90021591184,60,0.036,7.37e-09,186000000.0,132.0,25
2270.0,55.90427131651,60,0.036,7.37e-09,186000000.0,132.0,25
2271.0,55.90832672118,60,0.036,7.37e-09,186000000.0,132.0,25
2272.0,55.91238212585,60,0.036,7.37e-09,186000000.0,132.0,25
2273.0,55.91643753052,60,0.036,7.37e-09,186000000.0,132.0,25
2274.0,55.92049293519,60,0.036,7.37e-09,186000000.0,132.0,25
2275.0,55.92454833986,60,0.036,7.37e-09,186000000.0,132.0,25
2276.0,55.92860374453,60,0.036,7.37e-09,186000000.0,132.0,25
2277.0,55.9326591492,60,0.036,7.37e-09,186000000.0,132.0,25
2278.0,55.93667488101,60,0.036,7.37e-09,186000000.0,132.0,25
2279.0,55.94069061282,60,0.036,7.37e-09,186000000.0,132.0,25
2280.0,55.94470634463,60,0.036,7.37e-09,186000000.0,132.0,25
2281.0,55.94872207644,60,0.036,7.37e-09,186000000.0,132.0,25
2282.0,55.95273780825,60,0.036,7.37e-09,186000000.0,132.0,25
2283.0,55.95675354006,60,0.036,7.37e-09,186000000.0,132.0,25
2284.0,55.96076927187,60,0.036,7.37e-09,186000000.0,132.0,25
2285.0,55.96478500368,60,0.036,7.37e-09,186000000.0,132.0,25
2286.0,55.96880073549,60,0.036,7.37e-09,186000000.0,132.0,25
2287.0,55.9728164673,60,0.036,7.37e-09,186000000.0,132.0,25
2288.0,55.97679252626,60,0.036,7.37e-09,186000000.0,132.0,25
2289.0,55.98076858522,60,0.036,7.37e-09,186000000.0,132.0,25
2290.0,55.98474464418,60,0.036,7.37e-09,186000000.0,132.0,25
2291.0,55.98872070314,60,0.036,7.37e-09,186000000.0,132.0,25
2292.0,55.9926967621,60,0.036,7.37e-09,186000000.0,132.0,25
2293.0,55.99667282106,60,0.036,7.37e-09,186000000.0,132.0,25
2294.0,56.00064888002,60,0.036,7.37e-09,186000000.0,132.0,25
2295.0,56.00462493898,60,0.036,7.37e-09,186000000.0,132.0,25
2296.0,56.00860099794,60,0.036,7.37e-09,186000000.0,132.0,25
2297.0,56.0125770569,60,0.036,7.37e-09,186000000.0,132.0,25
2298.0,56.01651382448,60,0.036,7.37e-09,186000000.0,132.0,25
2299.0,56.02045059206,60,0.036,7.37e-09,186000000.0,132.0,25
2300.0,56.02438735964,60,0.036,7.37e-09,186000000.0,132.0,25
2301.0,56.02832412722,60,0.036,7.37e-09,186000000.0,132.0,25
2302.0,56.0322608948,60,0.036,7.37e-09,186000000.0,132.0,25
2303.0,56.03619766238,60,0.036,7.37e-09,186000000.0,132.0,25
2304.0,56.04013442996,60,0.036,7.37e-09,186000000.0,132.0,25
2305.0,56.04407119754,60,0.036,7.37e-09,186000000.0,132.0,25
2306.0,56.04800796512,60,0.036,7.37e-09,186000000.0,132.0,25
2307.0,56.0519447327,60,0.036,7.37e-09,186000000.0,132.0,25
2308.0,56.05584259036,60,0.036,7.37e-09,186000000.0,132.0,25
2309.0,56.05974044802,60,0.036,7.37e-09,186000000.0,132.0,25
2310.0,56.06363830568,60,0.036,7.37e-09,186000000.0,132.0,25
2311.0,56.06753616334,60,0.036,7.37e-09,186000000.0,132.0,25
2312.0,56.071434021,60,0.036,7.37e-09,186000000.0,132.0,25
2313.0,56.07533187866,60,0.036,7.37e-09,186000000.0,132.0,25
2314.0,56.07922973632,60,0.036,7.37e-09,186000000.0,132.0,25
2315.0,56.08312759398,60,0.036,7.37e-09,186000000.0,132.0,25
2316.0,56.08702545164,60,0.036,7.37e-09,186000000.0,132.0,25
2317.0,56.0909233093,60,0.036,7.37e-09,186000000.0,132.0,25
2318.0,56.09478263853,60,0.036,7.37e-09,186000000.0,132.0,25
2319.0,56.09864196776,60,0.036,7.37e-09,186000000.0,132.0,25
2320.0,56.10250129699,60,0.036,7.37e-09,186000000.0,132.0,25
2321.0,56.10636062622,60,0.036,7.37e-09,186000000.0,132.0,25
2322.0,56.11021995545,60,0.036,7.37e-09,186000000.0,132.0,25
2323.0,56.11407928468,60,0.036,7.37e-09,186000000.0,132.0,25
2324.0,56.11793861391,60,0.036,7.37e-09,186000000.0,132.0,25
2325.0,56.12179794314,60,0.036,7.37e-09,186000000.0,132.0,25
2326.0,56.12565727237,60,0.036,7.37e-09,186000000.0,132.0,25
2327.0,56.1295166016,60,0.036,7.37e-09,186000000.0,132.0,25
2328.0,56.13333778385,60,0.036,7.37e-09,186000000.0,132.0,25
2329.0,56.1371589661,60,0.036,7.37e-09,186000000.0,132.0,25
2330.0,56.14098014835,60,0.036,7.37e-09,186000000.0,132.0,25
2331.0,56.1448013306,60,0.036,7.37e-09,186000000.0,132.0,25
2332.0,56.14862251285,60,0.036,7.37e-09,186000000.0,132.0,25
2333.0,56.1524436951,60,0.036,7.37e-09,186000000.0,132.0,25
2334.0,56.15626487735,60,0.036,7.37e-09,186000000.0,132.0,25
2335.0,56.1600860596,60,0.036,7.37e-09,186000000.0,132.0,25
2336.0,56.16390724185,60,0.036,7.37e-09,186000000.0,132.0,25
2337.0,56.1677284241,60,0.036,7.37e-09,186000000.0,132.0,25
2338.0,56.17151184085,60,0.036,7.37e-09,186000000.0,132.0,25
2339.0,56.1752952576,60,0.036,7.37e-09,186000000.0,132.0,25
2340.0,56.17907867435,60,0.036,7.37e-09,186000000.0,132.0,25
2341.0,56.1828620911,60,0.036,7.37e-09,186000000.0,132.0,25
2342.0,56.18664550785,60,0.036,7.37e-09,186000000.0,132.0,25
2343.0,56.1904289246,60,0.036,7.37e-09,186000000.0,132.0,25
2344.0,56.19421234135,60,0.036,7.37e-09,186000000.0,132.0,25
2345.0,56.1979957581,60,0.036,7.37e-09,186000000.0,132.0,25
2346.0,56.20177917485,60,0.036,7.37e-09,186000000.0,132.0,25
2347.0,56.2055625916,60,0.036,7.37e-09,186000000.0,132.0,25
2348.0,56.20930900578,60,0.036,7.37e-09,186000000.0,132.0,25
2349.0,56.21305541996,60,0.036,7.37e-09,186000000.0,132.0,25
2350.0,56.21680183414,60,0.036,7.37e-09,186000000.0,132.0,25
2351.0,56.22054824832,60,0.036,7.37e-09,186000000.0,132.0,25
2352.0,56.2242946625,60,0.036,7.37e-09,186000000.0,132.0,25
2353.0,56.22804107668,60,0.036,7.37e-09,186000000.0,132.0,25
2354.0,56.23178749086,60,0.036,7.37e-09,186000000.0,132.0,25
2355.0,56.23553390504,60,0.036,7.37e-09,186000000.0,132.0,25
2356.0,56.23928031922,60,0.036,7.37e-09,186000000.0,132.0,25
2357.0,56.2430267334,60,0.036,7.37e-09,186000000.0,132.0,25
2358.0,56.24673576355,60,0.036,7.37e-09,186000000.0,132.0,25
2359.0,56.2504447937,60,0.036,7.37e-09,186000000.0,132.0,25
2360.0,56.25415382385,60,0.036,7.37e-09,186000000.0,132.0,25
2361.0,56.257862854,60,0.036,7.37e-09,186000000.0,132.0,25
2362.0,56.26157188415,60,0.036,7.37e-09,186000000.0,132.0,25
2363.0,56.2652809143,60,0.036,7.37e-09,186000000.0,132.0,25
2364.0,56.26898994445,60,0.036,7.37e-09,186000000.0,132.0,25
2365.0,56.2726989746,60,0.036,7.37e-09,186000000.0,132.0,25
2366.0,56.27640800475,60,0.036,7.37e-09,186000000.0,132.0,25
2367.0,56.2801170349,60,0.036,7.37e-09,186000000.0,132.0,25
2368.0,56.28378944396,60,0.036,7.37e-09,186000000.0,132.0,25
2369.0,56.28746185302,60,0.036,7.37e-09,186000000.0,132.0,25
2370.0,56.29113426208,60,0.036,7.37e-09,186000000.0,132.0,25
2371.0,56.29480667114,60,0.036,7.37e-09,186000000.0,132.0,25
2372.0,56.2984790802,60,0.036,7.37e-09,186000000.0,132.0,25
2373.0,56.30215148926,60,0.036,7.37e-09,186000000.0,132.0,25
2374.0,56.30582389832,60,0.036,7.37e-09,186000000.0,132.0,25
2375.0,56.30949630738,60,0.036,7.37e-09,186000000.0,132.0,25
2376.0,56.31316871644,60,0.036,7.37e-09,186000000.0,132.0,25
2377.0,56.3168411255,60,0.036,7.37e-09,186000000.0,132.0,25
2378.0,56.3204776764,60,0.036,7.37e-09,186000000.0,132.0,25
2379.0,56.3241142273,60,0.036,7.37e-09,186000000.0,132.0,25
2380.0,56.3277507782,60,0.036,7.37e-09,186000000.0,132.0,25
2381.0,56.3313873291,60,0.036,7.37e-09,186000000.0,132.0,25
2382.0,56.33502388,60,0.036,7.37e-09,186000000.0,132.0,25
2383.0,56.3386604309,60,0.036,7.37e-09,186000000.0,132.0,25
2384.0,56.3422969818,60,0.036,7.37e-09,186000000.0,132.0,25
2385.0,56.3459335327,60,0.036,7.37e-09,186000000.0,132.0,25
2386.0,56.3495700836,60,0.036,7.37e-09,186000000.0,132.0,25
2387.0,56.3532066345,60,0.036,7.37e-09,186000000.0,132.0,25
2388.0,56.35680694578,60,0.036,7.37e-09,186000000.0,132.0,25
2389.0,56.36040725706,60,0.036,7.37e-09,186000000.0,132.0,25
2390.0,56.36400756834,60,0.036,7.37e-09,186000000.0,132.0,25
2391.0,56.36760787962,60,0.036,7.37e-09,186000000.0,132.0,25
2392.0,56.3712081909,60,0.036,7.37e-09,186000000.0,132.0,25
2393.0,56.37480850218,60,0.036,7.37e-09,186000000.0,132.0,25
2394.0,56.37840881346,60,0.036,7.37e-09,186000000.0,132.0,25
2395.0,56.38200912474,60,0.036,7.37e-09,186000000.0,132.0,25
2396.0,56.38560943602,60,0.036,7.37e-09,186000000.0,132.0,25
2397.0,56.3892097473,60,0.036,7.37e-09,186000000.0,132.0,25
2398.0,56.3927745819,60,0.036,7.37e-09,186000000.0,132.0,25
2399.0,56.3963394165,60,0.036,7.37e-09,186000000.0,132.0,25
2400.0,56.3999042511,60,0.036,7.37e-09,186000000.0,132.0,25
2401.0,56.4034690857,60,0.036,7.37e-09,186000000.0,132.0,25
2402.0,56.4070339203,60,0.036,7.37e-09,186000000.0,132.0,25
2403.0,56.4105987549,60,0.036,7.37e-09,186000000.0,132.0,25
2404.0,56.4141635895,60,0.036,7.37e-09,186000000.0,132.0,25
2405.0,56.4177284241,60,0.036,7.37e-09,186000000.0,132.0,25
2406.0,56.4212932587,60,0.036,7.37e-09,186000000.0,132.0,25
2407.0,56.4248580933,60,0.036,7.37e-09,186000000.0,132.0,25
2408.0,56.42838783268,60,0.036,7.37e-09,186000000.0,132.0,25
2409.0,56.43191757206,60,0.036,7.37e-09,186000000.0,132.0,25
2410.0,56.43544731144,60,0.036,7.37e-09,186000000.0,132.0,25
2411.0,56.43897705082,60,0.036,7.37e-09,186000000.0,132.0,25
2412.0,56.4425067902,60,0.036,7.37e-09,186000000.0,132.0,25
2413.0,56.44603652958,60,0.036,7.37e-09,186000000.0,132.0,25
2414.0,56.44956626896,60,0.036,7.37e-09,186000000.0,132.0,25
2415.0,56.45309600834,60,0.036,7.37e-09,186000000.0,132.0,25
2416.0,56.45662574772,60,0.036,7.37e-09,186000000.0,132.0,25
2417.0,56.4601554871,60,0.036,7.37e-09,186000000.0,132.0,25
2418.0,56.46365013126,60,0.036,7.37e-09,186000000.0,132.0,25
2419.0,56.46714477542,60,0.036,7.37e-09,186000000.0,132.0,25
2420.0,56.47063941958,60,0.036,7.37e-09,186000000.0,132.0,25
2421.0,56.47413406374,60,0.036,7.37e-09,186000000.0,132.0,25
2422.0,56.4776287079,60,0.036,7.37e-09,186000000.0,132.0,25
2423.0,56.48112335206,60,0.036,7.37e-09,186000000.0,132.0,25
2424.0,56.48461799622,60,0.036,7.37e-09,186000000.0,132.0,25
2425.0,56.48811264038,60,0.036,7.37e-09,186000000.0,132.0,25
2426.0,56.49160728454,60,0.036,7.37e-09,186000000.0,132.0,25
2427.0,56.4951019287,60,0.036,7.37e-09,186000000.0,132.0,25
2428.0,56.49856224059,60,0.036,7.37e-09,186000000.0,132.0,25
2429.0,56.50202255248,60,0.036,7.37e-09,186000000.0,132.0,25
2430.0,56.50548286437,60,0.036,7.37e-09,186000000.0,132.0,25
2431.0,56.50894317626,60,0.036,7.37e-09,186000000.0,132.0,25
2432.0,56.51240348815,60,0.036,7.37e-09,186000000.0,132.0,25
2433.0,56.51586380004,60,0.036,7.37e-09,186000000.0,132.0,25
2434.0,56.51932411193,60,0.036,7.37e-09,186000000.0,132.0,25
2435.0,56.52278442382,60,0.036,7.37e-09,186000000.0,132.0,25
2436.0,56.52624473571,60,0.036,7.37e-09,186000000.0,132.0,25
2437.0,56.5297050476,60,0.036,7.37e-09,186000000.0,132.0,25
2438.0,56.53313140868,60,0.036,7.37e-09,186000000.0,132.0,25
2439.0,56.53655776976,60,0.036,7.37e-09,186000000.0,132.0,25
2440.0,56.53998413084,60,0.036,7.37e-09,186000000.0,132.0,25
2441.0,56.54341049192,60,0.036,7.37e-09,186000000.0,132.0,25
2442.0,56.546836853,60,0.036,7.37e-09,186000000.0,132.0,25
2443.0,56.55026321408,60,0.036,7.37e-09,186000000.0,132.0,25
2444.0,56.55368957516,60,0.036,7.37e-09,186000000.0,132.0,25
2445.0,56.55711593624,60,0.036,7.37e-09,186000000.0,132.0,25
2446.0,56.56054229732,60,0.036,7.37e-09,186000000.0,132.0,25
2447.0,56.5639686584,60,0.036,7.37e-09,186000000.0,132.0,25
2448.0,56.56736106868,60,0.036,7.37e-09,186000000.0,132.0,25
2449.0,56.57075347896,60,0.036,7.37e-09,186000000.0,132.0,25
2450.0,56.57414588924,60,0.036,7.37e-09,186000000.0,132.0,25
2451.0,56.57753829952,60,0.036,7.37e-09,186000000.0,132.0,25
2452.0,56.5809307098,60,0.036,7.37e-09,186000000.0,132.0,25
2453.0,56.58432312008,60,0.036,7.37e-09,186000000.0,132.0,25
2454.0,56.58771553036,60,0.036,7.37e-09,186000000.0,132.0,25
2455.0,56.59110794064,60,0.036,7.37e-09,186000000.0,132.0,25
2456.0,56.59450035092,60,0.036,7.37e-09,186000000.0,132.0,25
2457.0,56.5978927612,60,0.036,7.37e-09,186000000.0,132.0,25
2458.0,56.60125160215,60,0.036,7.37e-09,186000000.0,132.0,25
2459.0,56.6046104431,60,0.036,7.37e-09,186000000.0,132.0,25
2460.0,56.60796928405,60,0.036,7.37e-09,186000000.0,132.0,25
2461.0,56.611328125,60,0.036,7.37e-09,186000000.0,132.0,25
2462.0,56.61468696595,60,0.036,7.37e-09,186000000.0,132.0,25
2463.0,56.6180458069,60,0.036,7.37e-09,186000000.0,132.0,25
2464.0,56.62140464785,60,0.036,7.37e-09,186000000.0,132.0,25
2465.0,56.6247634888,60,0.036,7.37e-09,186000000.0,132.0,25
2466.0,56.62812232975,60,0.036,7.37e-09,186000000.0,132.0,25
2467.0,56.6314811707,60,0.036,7.37e-09,186000000.0,132.0,25
2468.0,56.63480682377,60,0.036,7.37e-09,186000000.0,132.0,25
2469.0,56.63813247684,60,0.036,7.37e-09,186000000.0,132.0,25
2470.0,56.64145812991,60,0.036,7.37e-09,186000000.0,132.0,25
2471.0,56.64478378298,60,0.036,7.37e-09,186000000.0,132.0,25
2472.0,56.64810943605,60,0.036,7.37e-09,186000000.0,132.0,25
2473.0,56.65143508912,60,0.036,7.37e-09,186000000.0,132.0,25
2474.0,56.65476074219,60,0.036,7.37e-09,186000000.0,132.0,25
2475.0,56.65808639526,60,0.036,7.37e-09,186000000.0,132.0,25
2476.0,56.66141204833,60,0.036,7.37e-09,186000000.0,132.0,25
2477.0,56.6647377014,60,0.036,7.37e-09,186000000.0,132.0,25
2478.0,56.66803054808,60,0.036,7.37e-09,186000000.0,132.0,25
2479.0,56.67132339476,60,0.036,7.37e-09,186000000.0,132.0,25
2480.0,56.67461624144,60,0.036,7.37e-09,186000000.0,132.0,25
2481.0,56.67790908812,60,0.036,7.37e-09,186000000.0,132.0,25
2482.0,56.6812019348,60,0.036,7.37e-09,186000000.0,132.0,25
2483.0,56.68449478148,60,0.036,7.37e-09,186000000.0,132.0,25
2484.0,56.68778762816,60,0.036,7.37e-09,186000000.0,132.0,25
2485.0,56.69108047484,60,0.036,7.37e-09,186000000.0,132.0,25
2486.0,56.69437332152,60,0.036,7.37e-09,186000000.0,132.0,25
2487.0,56.6976661682,60,0.036,7.37e-09,186000000.0,132.0,25
2488.0,56.70092658995,60,0.036,7.37e-09,186000000.0,132.0,25
2489.0,56.7041870117,60,0.036,7.37e-09,186000000.0,132.0,25
2490.0,56.70744743345,60,0.036,7.37e-09,186000000.0,132.0,25
2491.0,56.7107078552,60,0.036,7.37e-09,186000000.0,132.0,25
2492.0,56.71396827695,60,0.036,7.37e-09,186000000.0,132.0,25
2493.0,56.7172286987,60,0.036,7.37e-09,186000000.0,132.0,25
2494.0,56.72048912045,60,0.036,7.37e-09,186000000.0,132.0,25
2495.0,56.7237495422,60,0.036,7.37e-09,186000000.0,132.0,25
2496.0,56.72700996395,60,0.036,7.37e-09,186000000.0,132.0,25
2497.0,56.7302703857,60,0.036,7.37e-09,186000000.0,132.0,25
2498.0,56.73349838253,60,0.036,7.37e-09,186000000.0,132.0,25
2499.0,56.73672637936,60,0.036,7.37e-09,186000000.0,132.0,25
2500.0,56.73995437619,60,0.036,7.37e-09,186000000.0,132.0,25
2501.0,56.74318237302,60,0.036,7.37e-09,186000000.0,132.0,25
2502.0,56.74641036985,60,0.036,7.37e-09,186000000.0,132.0,25
2503.0,56.74963836668,60,0.036,7.37e-09,186000000.0,132.0,25
2504.0,56.75286636351,60,0.036,7.37e-09,186000000.0,132.0,25
2505.0,56.75609436034,60,0.036,7.37e-09,186000000.0,132.0,25
2506.0,56.75932235717,60,0.036,7.37e-09,186000000.0,132.0,25
2507.0,56.762550354,60,0.036,7.37e-09,186000000.0,132.0,25
2508.0,56.76574668884,60,0.036,7.37e-09,186000000.0,132.0,25
2509.0,56.76894302368,60,0.036,7.37e-09,186000000.0,132.0,25
2510.0,56.77213935852,60,0.036,7.37e-09,186000000.0,132.0,25
2511.0,56.77533569336,60,0.036,7.37e-09,186000000.0,132.0,25
2512.0,56.7785320282,60,0.036,7.37e-09,186000000.0,132.0,25
2513.0,56.78172836304,60,0.036,7.37e-09,186000000.0,132.0,25
2514.0,56.78492469788,60,0.036,7.37e-09,186000000.0,132.0,25
2515.0,56.78812103272,60,0.036,7.37e-09,186000000.0,132.0,25
2516.0,56.79131736756,60,0.036,7.37e-09,186000000.0,132.0,25
2517.0,56.7945137024,60,0.036,7.37e-09,186000000.0,132.0,25
2518.0,56.79767837525,60,0.036,7.37e-09,186000000.0,132.0,25
2519.0,56.8008430481,60,0.036,7.37e-09,186000000.0,132.0,25
2520.0,56.80400772095,60,0.036,7.37e-09,186000000.0,132.0,25
2521.0,56.8071723938,60,0.036,7.37e-09,186000000.0,132.0,25
2522.0,56.81033706665,60,0.036,7.37e-09,186000000.0,132.0,25
2523.0,56.8135017395,60,0.036,7.37e-09,186000000.0,132.0,25
2524.0,56.81666641235,60,0.036,7.37e-09,186000000.0,132.0,25
2525.0,56.8198310852,60,0.036,7.37e-09,186000000.0,132.0,25
2526.0,56.82299575805,60,0.036,7.37e-09,186000000.0,132.0,25
2527.0,56.8261604309,60,0.036,7.37e-09,186000000.0,132.0,25
2528.0,56.82929382323,60,0.036,7.37e-09,186000000.0,132.0,25
2529.0,56.83242721556,60,0.036,7.37e-09,186000000.0,132.0,25
2530.0,56.83556060789,60,0.036,7.37e-09,186000000.0,132.0,25
2531.0,56.83869400022,60,0.036,7.37e-09,186000000.0,132.0,25
2532.0,56.84182739255,60,0.036,7.37e-09,186000000.0,132.0,25
2533.0,56.84496078488,60,0.036,7.37e-09,186000000.0,132.0,25
2534.0,56.84809417721,60,0.036,7.37e-09,186000000.0,132.0,25
2535.0,56.85122756954,60,0.036,7.37e-09,186000000.0,132.0,25
2536.0,56.85436096187,60,0.036,7.37e-09,186000000.0,132.0,25
2537.0,56.8574943542,60,0.036,7.37e-09,186000000.0,132.0,25
2538.0,56.86059684749,60,0.036,7.37e-09,186000000.0,132.0,25
2539.0,56.86369934078,60,0.036,7.37e-09,186000000.0,132.0,25
2540.0,56.86680183407,60,0.036,7.37e-09,186000000.0,132.0,25
2541.0,56.86990432736,60,0.036,7.37e-09,186000000.0,132.0,25
2542.0,56.87300682065,60,0.036,7.37e-09,186000000.0,132.0,25
2543.0,56.87610931394,60,0.036,7.37e-09,186000000.0,132.0,25
2544.0,56.87921180723,60,0.036,7.37e-09,186000000.0,132.0,25
2545.0,56.88231430052,60,0.036,7.37e-09,186000000.0,132.0,25
2546.0,56.88541679381,60,0.036,7.37e-09,186000000.0,132.0,25
2547.0,56.8885192871,60,0.036,7.37e-09,186000000.0,132.0,25
2548.0,56.89159126281,60,0.036,7.37e-09,186000000.0,132.0,25
2549.0,56.89466323852,60,0.036,7.37e-09,186000000.0,132.0,25
2550.0,56.89773521423,60,0.036,7.37e-09,186000000.0,132.0,25
2551.0,56.90080718994,60,0.036,7.37e-09,186000000.0,132.0,25
2552.0,56.90387916565,60,0.036,7.37e-09,186000000.0,132.0,25
2553.0,56.90695114136,60,0.036,7.37e-09,186000000.0,132.0,25
2554.0,56.91002311707,60,0.036,7.37e-09,186000000.0,132.0,25
2555.0,56.91309509278,60,0.036,7.37e-09,186000000.0,132.0,25
2556.0,56.91616706849,60,0.036,7.37e-09,186000000.0,132.0,25
2557.0,56.9192390442,60,0.036,7.37e-09,186000000.0,132.0,25
2558.0,56.92228050233,60,0.036,7.37e-09,186000000.0,132.0,25
2559.0,56.92532196046,60,0.036,7.37e-09,186000000.0,132.0,25
2560.0,56.92836341859,60,0.036,7.37e-09,186000000.0,132.0,25
2561.0,56.93140487672,60,0.036,7.37e-09,186000000.0,132.0,25
2562.0,56.93444633485,60,0.036,7.37e-09,186000000.0,132.0,25
2563.0,56.93748779298,60,0.036,7.37e-09,186000000.0,132.0,25
2564.0,56.94052925111,60,0.036,7.37e-09,186000000.0,132.0,25
2565.0,56.94357070924,60,0.036,7.37e-09,186000000.0,132.0,25
2566.0,56.94661216737,60,0.036,7.37e-09,186000000.0,132.0,25
2567.0,56.9496536255,60,0.036,7.37e-09,186000000.0,132.0,25
2568.0,56.95266532899,60,0.036,7.37e-09,186000000.0,132.0,25
2569.0,56.95567703248,60,0.036,7.37e-09,186000000.0,132.0,25
2570.0,56.95868873597,60,0.036,7.37e-09,186000000.0,132.0,25
2571.0,56.96170043946,60,0.036,7.37e-09,186000000.0,132.0,25
2572.0,56.96471214295,60,0.036,7.37e-09,186000000.0,132.0,25
2573.0,56.96772384644,60,0.036,7.37e-09,186000000.0,132.0,25
2574.0,56.97073554993,60,0.036,7.37e-09,186000000.0,132.0,25
2575.0,56.97374725342,60,0.036,7.37e-09,186000000.0,132.0,25
2576.0,56.97675895691,60,0.036,7.37e-09,186000000.0,132.0,25
2577.0,56.9797706604,60,0.036,7.37e-09,186000000.0,132.0,25
2578.0,56.98275260925,60,0.036,7.37e-09,186000000.0,132.0,25
2579.0,56.9857345581,60,0.036,7.37e-09,186000000.0,132.0,25
2580.0,56.98871650695,60,0.036,7.37e-09,186000000.0,132.0,25
2581.0,56.9916984558,60,0.036,7.37e-09,186000000.0,132.0,25
2582.0,56.99468040465,60,0.036,7.37e-09,186000000.0,132.0,25
2583.0,56.9976623535,60,0.036,7.37e-09,186000000.0,132.0,25
2584.0,57.00064430235,60,0.036,7.37e-09,186000000.0,132.0,25
2585.0,57.0036262512,60,0.036,7.37e-09,186000000.0,132.0,25
2586.0,57.00660820005,60,0.036,7.37e-09,186000000.0,132.0,25
2587.0,57.0095901489,60,0.036,7.37e-09,186000000.0,132.0,25
2588.0,57.01254234312,60,0.036,7.37e-09,186000000.0,132.0,25
2589.0,57.01549453734,60,0.036,7.37e-09,186000000.0,132.0,25
2590.0,57.01844673156,60,0.036,7.37e-09,186000000.0,132.0,25
2591.0,57.02139892578,60,0.036,7.37e-09,186000000.0,132.0,25
2592.0,57.02435112,60,0.036,7.37e-09,186000000.0,132.0,25
2593.0,57.02730331422,60,0.036,7.37e-09,186000000.0,132.0,25
2594.0,57.03025550844,60,0.036,7.37e-09,186000000.0,132.0,25
2595.0,57.03320770266,60,0.036,7.37e-09,186000000.0,132.0,25
2596.0,57.03615989688,60,0.036,7.37e-09,186000000.0,132.0,25
2597.0,57.0391120911,60,0.036,7.37e-09,186000000.0,132.0,25
2598.0,57.04203529361,60,0.036,7.37e-09,186000000.0,132.0,25
2599.0,57.04495849612,60,0.036,7.37e-09,186000000.0,132.0,25
2600.0,57.04788169863,60,0.036,7.37e-09,186000000.0,132.0,25
2601.0,57.05080490114,60,0.036,7.37e-09,186000000.0,132.0,25
2602.0,57.05372810365,60,0.036,7.37e-09,186000000.0,132.0,25
2603.0,57.05665130616,60,0.036,7.37e-09,186000000.0,132.0,25
2604.0,57.05957450867,60,0.036,7.37e-09,186000000.0,132.0,25
2605.0,57.06249771118,60,0.036,7.37e-09,186000000.0,132.0,25
2606.0,57.06542091369,60,0.036,7.37e-09,186000000.0,132.0,25
2607.0,57.0683441162,60,0.036,7.37e-09,186000000.0,132.0,25
2608.0,57.07123870849,60,0.036,7.37e-09,186000000.0,132.0,25
2609.0,57.07413330078,60,0.036,7.37e-09,186000000.0,132.0,25
2610.0,57.07702789307,60,0.036,7.37e-09,186000000.0,132.0,25
2611.0,57.07992248536,60,0.036,7.37e-09,186000000.0,132.0,25
2612.0,57.08281707765,60,0.036,7.37e-09,186000000.0,132.0,25
2613.0,57.08571166994,60,0.036,7.37e-09,186000000.0,132.0,25
2614.0,57.08860626223,60,0.036,7.37e-09,186000000.0,132.0,25
2615.0,57.09150085452,60,0.036,7.37e-09,186000000.0,132.0,25
2616.0,57.09439544681,60,0.036,7.37e-09,186000000.0,132.0,25
2617.0,57.0972900391,60,0.036,7.37e-09,186000000.0,132.0,25
2618.0,57.10015563968,60,0.036,7.37e-09,186000000.0,132.0,25
2619.0,57.10302124026,60,0.036,7.37e-09,186000000.0,132.0,25
2620.0,57.10588684084,60,0.036,7.37e-09,186000000.0,132.0,25
2621.0,57.10875244142,60,0.036,7.37e-09,186000000.0,132.0,25
2622.0,57.111618042,60,0.036,7.37e-09,186000000.0,132.0,25
2623.0,57.11448364258,60,0.036,7.37e-09,186000000.0,132.0,25
2624.0,57.11734924316,60,0.036,7.37e-09,186000000.0,132.0,25
2625.0,57.12021484374,60,0.036,7.37e-09,186000000.0,132.0,25
2626.0,57.12308044432,60,0.036,7.37e-09,186000000.0,132.0,25
2627.0,57.1259460449,60,0.036,7.37e-09,186000000.0,132.0,25
2628.0,57.12878341673,60,0.036,7.37e-09,186000000.0,132.0,25
2629.0,57.13162078856,60,0.036,7.37e-09,186000000.0,132.0,25
2630.0,57.13445816039,60,0.036,7.37e-09,186000000.0,132.0,25
2631.0,57.13729553222,60,0.036,7.37e-09,186000000.0,132.0,25
2632.0,57.14013290405,60,0.036,7.37e-09,186000000.0,132.0,25
2633.0,57.14297027588,60,0.036,7.37e-09,186000000.0,132.0,25
2634.0,57.14580764771,60,0.036,7.37e-09,186000000.0,132.0,25
2635.0,57.14864501954,60,0.036,7.37e-09,186000000.0,132.0,25
2636.0,57.15148239137,60,0.036,7.37e-09,186000000.0,132.0,25
2637.0,57.1543197632,60,0.036,7.37e-09,186000000.0,132.0,25
2638.0,57.15712928773,60,0.036,7.37e-09,186000000.0,132.0,25
2639.0,57.15993881226,60,0.036,7.37e-09,186000000.0,132.0,25
2640.0,57.16274833679,60,0.036,7.37e-09,186000000.0,132.0,25
2641.0,57.16555786132,60,0.036,7.37e-09,186000000.0,132.0,25
2642.0,57.16836738585,60,0.036,7.37e-09,186000000.0,132.0,25
2643.0,57.17117691038,60,0.036,7.37e-09,186000000.0,132.0,25
2644.0,57.17398643491,60,0.036,7.37e-09,186000000.0,132.0,25
2645.0,57.17679595944,60,0.036,7.37e-09,186000000.0,132.0,25
2646.0,57.17960548397,60,0.036,7.37e-09,186000000.0,132.0,25
2647.0,57.1824150085,60,0.036,7.37e-09,186000000.0,132.0,25
2648.0,57.18519706722,60,0.036,7.37e-09,186000000.0,132.0,25
2649.0,57.18797912594,60,0.036,7.37e-09,186000000.0,132.0,25
2650.0,57.19076118466,60,0.036,7.37e-09,186000000.0,132.0,25
2651.0,57.19354324338,60,0.036,7.37e-09,186000000.0,132.0,25
2652.0,57.1963253021,60,0.036,7.37e-09,186000000.0,132.0,25
2653.0,57.19910736082,60,0.036,7.37e-09,186000000.0,132.0,25
2654.0,57.20188941954,60,0.036,7.37e-09,186000000.0,132.0,25
2655.0,57.20467147826,60,0.036,7.37e-09,186000000.0,132.0,25
2656.0,57.20745353698,60,0.036,7.37e-09,186000000.0,132.0,25
2657.0,57.2102355957,60,0.036,7.37e-09,186000000.0,132.0,25
2658.0,57.21298980713,60,0.036,7.37e-09,186000000.0,132.0,25
2659.0,57.21574401856,60,0.036,7.37e-09,186000000.0,132.0,25
2660.0,57.21849822999,60,0.036,7.37e-09,186000000.0,132.0,25
2661.0,57.22125244142,60,0.036,7.37e-09,186000000.0,132.0,25
2662.0,57.22400665285,60,0.036,7.37e-09,186000000.0,132.0,25
2663.0,57.22676086428,60,0.036,7.37e-09,186000000.0,132.0,25
2664.0,57.22951507571,60,0.036,7.37e-09,186000000.0,132.0,25
2665.0,57.23226928714,60,0.036,7.37e-09,186000000.0,132.0,25
2666.0,57.23502349857,60,0.036,7.37e-09,186000000.0,132.0,25
2667.0,57.23777771,60,0.036,7.37e-09,186000000.0,132.0,25
2668.0,57.24050483707,60,0.036,7.37e-09,186000000.0,132.0,25
2669.0,57.24323196414,60,0.036,7.37e-09,186000000.0,132.0,25
2670.0,57.24595909121,60,0.036,7.37e-09,186000000.0,132.0,25
2671.0,57.24868621828,60,0.036,7.37e-09,186000000.0,132.0,25
2672.0,57.25141334535,60,0.036,7.37e-09,186000000.0,132.0,25
2673.0,57.25414047242,60,0.036,7.37e-09,186000000.0,132.0,25
2674.0,57.25686759949,60,0.036,7.37e-09,186000000.0,132.0,25
2675.0,57.25959472656,60,0.036,7.37e-09,186000000.0,132.0,25
2676.0,57.26232185363,60,0.036,7.37e-09,186000000.0,132.0,25
2677.0,57.2650489807,60,0.036,7.37e-09,186000000.0,132.0,25
2678.0,57.26774902343,60,0.036,7.37e-09,186000000.0,132.0,25
2679.0,57.27044906616,60,0.036,7.37e-09,186000000.0,132.0,25
2680.0,57.27314910889,60,0.036,7.37e-09,186000000.0,132.0,25
2681.0,57.27584915162,60,0.036,7.37e-09,186000000.0,132.0,25
2682.0,57.27854919435,60,0.036,7.37e-09,186000000.0,132.0,25
2683.0,57.28124923708,60,0.036,7.37e-09,186000000.0,132.0,25
2684.0,57.28394927981,60,0.036,7.37e-09,186000000.0,132.0,25
2685.0,57.28664932254,60,0.036,7.37e-09,186000000.0,132.0,25
2686.0,57.28934936527,60,0.036,7.37e-09,186000000.0,132.0,25
2687.0,57.292049408,60,0.036,7.37e-09,186000000.0,132.0,25
2688.0,57.29472274784,60,0.036,7.37e-09,186000000.0,132.0,25
2689.0,57.29739608768,60,0.036,7.37e-09,186000000.0,132.0,25
2690.0,57.30006942752,60,0.036,7.37e-09,186000000.0,132.0,25
2691.0,57.30274276736,60,0.036,7.37e-09,186000000.0,132.0,25
2692.0,57.3054161072,60,0.036,7.37e-09,186000000.0,132.0,25
2693.0,57.30808944704,60,0.036,7.37e-09,186000000.0,132.0,25
2694.0,57.31076278688,60,0.036,7.37e-09,186000000.0,132.0,25
2695.0,57.31343612672,60,0.036,7.37e-09,186000000.0,132.0,25
2696.0,57.31610946656,60,0.036,7.37e-09,186000000.0,132.0,25
2697.0,57.3187828064,60,0.036,7.37e-09,186000000.0,132.0,25
2698.0,57.3214302063,60,0.036,7.37e-09,186000000.0,132.0,25
2699.0,57.3240776062,60,0.036,7.37e-09,186000000.0,132.0,25
2700.0,57.3267250061,60,0.036,7.37e-09,186000000.0,132.0,25
2701.0,57.329372406,60,0.036,7.37e-09,186000000.0,132.0,25
2702.0,57.3320198059,60,0.036,7.37e-09,186000000.0,132.0,25
2703.0,57.3346672058,60,0.036,7.37e-09,186000000.0,132.0,25
2704.0,57.3373146057,60,0.036,7.37e-09,186000000.0,132.0,25
2705.0,57.3399620056,60,0.036,7.37e-09,186000000.0,132.0,25
2706.0,57.3426094055,60,0.036,7.37e-09,186000000.0,132.0,25
2707.0,57.3452568054,60,0.036,7.37e-09,186000000.0,132.0,25
2708.0,57.34787750242,60,0.036,7.37e-09,186000000.0,132.0,25
2709.0,57.35049819944,60,0.036,7.37e-09,186000000.0,132.0,25
2710.0,57.35311889646,60,0.036,7.37e-09,186000000.0,132.0,25
2711.0,57.35573959348,60,0.036,7.37e-09,186000000.0,132.0,25
2712.0,57.3583602905,60,0.036,7.37e-09,186000000.0,132.0,25
2713.0,57.36098098752,60,0.036,7.37e-09,186000000.0,132.0,25
2714.0,57.36360168454,60,0.036,7.37e-09,186000000.0,132.0,25
2715.0,57.36622238156,60,0.036,7.37e-09,186000000.0,132.0,25
2716.0,57.36884307858,60,0.036,7.37e-09,186000000.0,132.0,25
2717.0,57.3714637756,60,0.036,7.37e-09,186000000.0,132.0,25
2718.0,57.37405891415,60,0.036,7.37e-09,186000000.0,132.0,25
2719.0,57.3766540527,60,0.036,7.37e-09,186000000.0,132.0,25
2720.0,57.37924919125,60,0.036,7.37e-09,186000000.0,132.0,25
2721.0,57.3818443298,60,0.036,7.37e-09,186000000.0,132.0,25
2722.0,57.38443946835,60,0.036,7.37e-09,186000000.0,132.0,25
2723.0,57.3870346069,60,0.036,7.37e-09,186000000.0,132.0,25
2724.0,57.38962974545,60,0.036,7.37e-09,186000000.0,132.0,25
2725.0,57.392224884,60,0.036,7.37e-09,186000000.0,132.0,25
2726.0,57.39482002255,60,0.036,7.37e-09,186000000.0,132.0,25
2727.0,57.3974151611,60,0.036,7.37e-09,186000000.0,132.0,25
2728.0,57.39998474118,60,0.036,7.37e-09,186000000.0,132.0,25
2729.0,57.40255432126,60,0.036,7.37e-09,186000000.0,132.0,25
2730.0,57.40512390134,60,0.036,7.37e-09,186000000.0,132.0,25
2731.0,57.40769348142,60,0.036,7.37e-09,186000000.0,132.0,25
2732.0,57.4102630615,60,0.036,7.37e-09,186000000.0,132.0,25
2733.0,57.41283264158,60,0.036,7.37e-09,186000000.0,132.0,25
2734.0,57.41540222166,60,0.036,7.37e-09,186000000.0,132.0,25
2735.0,57.41797180174,60,0.036,7.37e-09,186000000.0,132.0,25
2736.0,57.42054138182,60,0.036,7.37e-09,186000000.0,132.0,25
2737.0,57.4231109619,60,0.036,7.37e-09,186000000.0,132.0,25
2738.0,57.42565498351,60,0.036,7.37e-09,186000000.0,132.0,25
2739.0,57.42819900512,60,0.036,7.37e-09,186000000.0,132.0,25
2740.0,57.43074302673,60,0.036,7.37e-09,186000000.0,132.0,25
2741.0,57.43328704834,60,0.036,7.37e-09,186000000.0,132.0,25
2742.0,57.43583106995,60,0.036,7.37e-09,186000000.0,132.0,25
2743.0,57.43837509156,60,0.036,7.37e-09,186000000.0,132.0,25
2744.0,57.44091911317,60,0.036,7.37e-09,186000000.0,132.0,25
2745.0,57.44346313478,60,0.036,7.37e-09,186000000.0,132.0,25
2746.0,57.44600715639,60,0.036,7.37e-09,186000000.0,132.0,25
2747.0,57.448551178,60,0.036,7.37e-09,186000000.0,132.0,25
2748.0,57.45107040407,60,0.036,7.37e-09,186000000.0,132.0,25
2749.0,57.45358963014,60,0.036,7.37e-09,186000000.0,132.0,25
2750.0,57.45610885621,60,0.036,7.37e-09,186000000.0,132.0,25
2751.0,57.45862808228,60,0.036,7.37e-09,186000000.0,132.0,25
2752.0,57.46114730835,60,0.036,7.37e-09,186000000.0,132.0,25
2753.0,57.46366653442,60,0.036,7.37e-09,186000000.0,132.0,25
2754.0,57.46618576049,60,0.036,7.37e-09,186000000.0,132.0,25
2755.0,57.46870498656,60,0.036,7.37e-09,186000000.0,132.0,25
2756.0,57.47122421263,60,0.036,7.37e-09,186000000.0,132.0,25
2757.0,57.4737434387,60,0.036,7.37e-09,186000000.0,132.0,25
2758.0,57.47623748777,60,0.036,7.37e-09,186000000.0,132.0,25
2759.0,57.47873153684,60,0.036,7.37e-09,186000000.0,132.0,25
2760.0,57.48122558591,60,0.036,7.37e-09,186000000.0,132.0,25
2761.0,57.48371963498,60,0.036,7.37e-09,186000000.0,132.0,25
2762.0,57.48621368405,60,0.036,7.37e-09,186000000.0,132.0,25
2763.0,57.48870773312,60,0.036,7.37e-09,186000000.0,132.0,25
2764.0,57.49120178219,60,0.036,7.37e-09,186000000.0,132.0,25
2765.0,57.49369583126,60,0.036,7.37e-09,186000000.0,132.0,25
2766.0,57.49618988033,60,0.036,7.37e-09,186000000.0,132.0,25
2767.0,57.4986839294,60,0.036,7.37e-09,186000000.0,132.0,25
2768.0,57.50115356441,60,0.036,7.37e-09,186000000.0,132.0,25
2769.0,57.50362319942,60,0.036,7.37e-09,186000000.0,132.0,25
2770.0,57.50609283443,60,0.036,7.37e-09,186000000.0,132.0,25
2771.0,57.50856246944,60,0.036,7.37e-09,186000000.0,132.0,25
2772.0,57.51103210445,60,0.036,7.37e-09,186000000.0,132.0,25
2773.0,57.51350173946,60,0.036,7.37e-09,186000000.0,132.0,25
2774.0,57.51597137447,60,0.036,7.37e-09,186000000.0,132.0,25
2775.0,57.51844100948,60,0.036,7.37e-09,186000000.0,132.0,25
2776.0,57.52091064449,60,0.036,7.37e-09,186000000.0,132.0,25
2777.0,57.5233802795,60,0.036,7.37e-09,186000000.0,132.0,25
2778.0,57.52582511898,60,0.036,7.37e-09,186000000.0,132.0,25
2779.0,57.52826995846,60,0.036,7.37e-09,186000000.0,132.0,25
2780.0,57.53071479794,60,0.036,7.37e-09,186000000.0,132.0,25
2781.0,57.53315963742,60,0.036,7.37e-09,186000000.0,132.0,25
2782.0,57.5356044769,60,0.036,7.37e-09,186000000.0,132.0,25
2783.0,57.53804931638,60,0.036,7.37e-09,186000000.0,132.0,25
2784.0,57.54049415586,60,0.036,7.37e-09,186000000.0,132.0,25
2785.0,57.54293899534,60,0.036,7.37e-09,186000000.0,132.0,25
2786.0,57.54538383482,60,0.036,7.37e-09,186000000.0,132.0,25
2787.0,57.5478286743,60,0.036,7.37e-09,186000000.0,132.0,25
2788.0,57.55024986266,60,0.036,7.37e-09,186000000.0,132.0,25
2789.0,57.55267105102,60,0.036,7.37e-09,186000000.0,132.0,25
2790.0,57.55509223938,60,0.036,7.37e-09,186000000.0,132.0,25
2791.0,57.55751342774,60,0.036,7.37e-09,186000000.0,132.0,25
2792.0,57.5599346161,60,0.036,7.37e-09,186000000.0,132.0,25
2793.0,57.56235580446,60,0.036,7.37e-09,186000000.0,132.0,25
2794.0,57.56477699282,60,0.036,7.37e-09,186000000.0,132.0,25
2795.0,57.56719818118,60,0.036,7.37e-09,186000000.0,132.0,25
2796.0,57.56961936954,60,0.036,7.37e-09,186000000.0,132.0,25
2797.0,57.5720405579,60,0.036,7.37e-09,186000000.0,132.0,25
2798.0,57.57443771366,60,0.036,7.37e-09,186000000.0,132.0,25
2799.0,57.57683486942,60,0.036,7.37e-09,186000000.0,132.0,25
2800.0,57.57923202518,60,0.036,7.37e-09,186000000.0,132.0,25
2801.0,57.58162918094,60,0.036,7.37e-09,186000000.0,132.0,25
2802.0,57.5840263367,60,0.036,7.37e-09,186000000.0,132.0,25
2803.0,57.58642349246,60,0.036,7.37e-09,186000000.0,132.0,25
2804.0,57.58882064822,60,0.036,7.37e-09,186000000.0,132.0,25
2805.0,57.59121780398,60,0.036,7.37e-09,186000000.0,132.0,25
2806.0,57.59361495974,60,0.036,7.37e-09,186000000.0,132.0,25
2807.0,57.5960121155,60,0.036,7.37e-09,186000000.0,132.0,25
2808.0,57.59838523867,60,0.036,7.37e-09,186000000.0,132.0,25
2809.0,57.60075836184,60,0.036,7.37e-09,186000000.0,132.0,25
2810.0,57.60313148501,60,0.036,7.37e-09,186000000.0,132.0,25
2811.0,57.60550460818,60,0.036,7.37e-09,186000000.0,132.0,25
2812.0,57.60787773135,60,0.036,7.37e-09,186000000.0,132.0,25
2813.0,57.61025085452,60,0.036,7.37e-09,186000000.0,132.0,25
2814.0,57.61262397769,60,0.036,7.37e-09,186000000.0,132.0,25
2815.0,57.61499710086,60,0.036,7.37e-09,186000000.0,132.0,25
2816.0,57.61737022403,60,0.036,7.37e-09,186000000.0,132.0,25
2817.0,57.6197433472,60,0.036,7.37e-09,186000000.0,132.0,25
2818.0,57.62209358218,60,0.036,7.37e-09,186000000.0,132.0,25
2819.0,57.62444381716,60,0.036,7.37e-09,186000000.0,132.0,25
2820.0,57.62679405214,60,0.036,7.37e-09,186000000.0,132.0,25
2821.0,57.62914428712,60,0.036,7.37e-09,186000000.0,132.0,25
2822.0,57.6314945221,60,0.036,7.37e-09,186000000.0,132.0,25
2823.0,57.63384475708,60,0.036,7.37e-09,186000000.0,132.0,25
2824.0,57.63619499206,60,0.036,7.37e-09,186000000.0,132.0,25
2825.0,57.63854522704,60,0.036,7.37e-09,186000000.0,132.0,25
2826.0,57.64089546202,60,0.036,7.37e-09,186000000.0,132.0,25
2827.0,57.643245697,60,0.036,7.37e-09,186000000.0,132.0,25
2828.0,57.64557228086,60,0.036,7.37e-09,186000000.0,132.0,25
2829.0,57.64789886472,60,0.036,7.37e-09,186000000.0,132.0,25
2830.0,57.65022544858,60,0.036,7.37e-09,186000000.0,132.0,25
2831.0,57.65255203244,60,0.036,7.37e-09,186000000.0,132.0,25
2832.0,57.6548786163,60,0.036,7.37e-09,186000000.0,132.0,25
2833.0,57.65720520016,60,0.036,7.37e-09,186000000.0,132.0,25
2834.0,57.65953178402,60,0.036,7.37e-09,186000000.0,132.0,25
2835.0,57.66185836788,60,0.036,7.37e-09,186000000.0,132.0,25
2836.0,57.66418495174,60,0.036,7.37e-09,186000000.0,132.0,25
2837.0,57.6665115356,60,0.036,7.37e-09,186000000.0,132.0,25
2838.0,57.66881561275,60,0.036,7.37e-09,186000000.0,132.0,25
2839.0,57.6711196899,60,0.036,7.37e-09,186000000.0,132.0,25
2840.0,57.67342376705,60,0.036,7.37e-09,186000000.0,132.0,25
2841.0,57.6757278442,60,0.036,7.37e-09,186000000.0,132.0,25
2842.0,57.67803192135,60,0.036,7.37e-09,186000000.0,132.0,25
2843.0,57.6803359985,60,0.036,7.37e-09,186000000.0,132.0,25
2844.0,57.68264007565,60,0.036,7.37e-09,186000000.0,132.0,25
2845.0,57.6849441528,60,0.036,7.37e-09,186000000.0,132.0,25
2846.0,57.68724822995,60,0.036,7.37e-09,186000000.0,132.0,25
2847.0,57.6895523071,60,0.036,7.37e-09,186000000.0,132.0,25
2848.0,57.6918331146,60,0.036,7.37e-09,186000000.0,132.0,25
2849.0,57.6941139221,60,0.036,7.37e-09,186000000.0,132.0,25
2850.0,57.6963947296,60,0.036,7.37e-09,186000000.0,132.0,25
2851.0,57.6986755371,60,0.036,7.37e-09,186000000.0,132.0,25
2852.0,57.7009563446,60,0.036,7.37e-09,186000000.0,132.0,25
2853.0,57.7032371521,60,0.036,7.37e-09,186000000.0,132.0,25
2854.0,57.7055179596,60,0.036,7.37e-09,186000000.0,132.0,25
2855.0,57.7077987671,60,0.036,7.37e-09,186000000.0,132.0,25
2856.0,57.7100795746,60,0.036,7.37e-09,186000000.0,132.0,25
2857.0,57.7123603821,60,0.036,7.37e-09,186000000.0,132.0,25
2858.0,57.71461906435,60,0.036,7.37e-09,186000000.0,132.0,25
2859.0,57.7168777466,60,0.036,7.37e-09,186000000.0,132.0,25
2860.0,57.71913642885,60,0.036,7.37e-09,186000000.0,132.0,25
2861.0,57.7213951111,60,0.036,7.37e-09,186000000.0,132.0,25
2862.0,57.72365379335,60,0.036,7.37e-09,186000000.0,132.0,25
2863.0,57.7259124756,60,0.036,7.37e-09,186000000.0,132.0,25
2864.0,57.72817115785,60,0.036,7.37e-09,186000000.0,132.0,25
2865.0,57.7304298401,60,0.036,7.37e-09,186000000.0,132.0,25
2866.0,57.73268852235,60,0.036,7.37e-09,186000000.0,132.0,25
2867.0,57.7349472046,60,0.036,7.37e-09,186000000.0,132.0,25
2868.0,57.73718338014,60,0.036,7.37e-09,186000000.0,132.0,25
2869.0,57.73941955568,60,0.036,7.37e-09,186000000.0,132.0,25
2870.0,57.74165573122,60,0.036,7.37e-09,186000000.0,132.0,25
2871.0,57.74389190676,60,0.036,7.37e-09,186000000.0,132.0,25
2872.0,57.7461280823,60,0.036,7.37e-09,186000000.0,132.0,25
2873.0,57.74836425784,60,0.036,7.37e-09,186000000.0,132.0,25
2874.0,57.75060043338,60,0.036,7.37e-09,186000000.0,132.0,25
2875.0,57.75283660892,60,0.036,7.37e-09,186000000.0,132.0,25
2876.0,57.75507278446,60,0.036,7.37e-09,186000000.0,132.0,25
2877.0,57.75730896,60,0.036,7.37e-09,186000000.0,132.0,25
2878.0,57.75952301029,60,0.036,7.37e-09,186000000.0,132.0,25
2879.0,57.76173706058,60,0.036,7.37e-09,186000000.0,132.0,25
2880.0,57.76395111087,60,0.036,7.37e-09,186000000.0,132.0,25
2881.0,57.76616516116,60,0.036,7.37e-09,186000000.0,132.0,25
2882.0,57.76837921145,60,0.036,7.37e-09,186000000.0,132.0,25
2883.0,57.77059326174,60,0.036,7.37e-09,186000000.0,132.0,25
2884.0,57.77280731203,60,0.036,7.37e-09,186000000.0,132.0,25
2885.0,57.77502136232,60,0.036,7.37e-09,186000000.0,132.0,25
2886.0,57.77723541261,60,0.036,7.37e-09,186000000.0,132.0,25
2887.0,57.7794494629,60,0.036,7.37e-09,186000000.0,132.0,25
2888.0,57.78164176942,60,0.036,7.37e-09,186000000.0,132.0,25
2889.0,57.78383407594,60,0.036,7.37e-09,186000000.0,132.0,25
2890.0,57.78602638246,60,0.036,7.37e-09,186000000.0,132.0,25
2891.0,57.78821868898,60,0.036,7.37e-09,186000000.0,132.0,25
2892.0,57.7904109955,60,0.036,7.37e-09,186000000.0,132.0,25
2893.0,57.79260330202,60,0.036,7.37e-09,186000000.0,132.0,25
2894.0,57.79479560854,60,0.036,7.37e-09,186000000.0,132.0,25
2895.0,57.79698791506,60,0.036,7.37e-09,186000000.0,132.0,25
2896.0,57.79918022158,60,0.036,7.37e-09,186000000.0,132.0,25
2897.0,57.8013725281,60,0.036,7.37e-09,186000000.0,132.0,25
2898.0,57.80354347231,60,0.036,7.37e-09,186000000.0,132.0,25
2899.0,57.80571441652,60,0.036,7.37e-09,186000000.0,132.0,25
2900.0,57.80788536073,60,0.036,7.37e-09,186000000.0,132.0,25
2901.0,57.81005630494,60,0.036,7.37e-09,186000000.0,132.0,25
2902.0,57.81222724915,60,0.036,7.37e-09,186000000.0,132.0,25
2903.0,57.81439819336,60,0.036,7.37e-09,186000000.0,132.0,25
2904.0,57.81656913757,60,0.036,7.37e-09,186000000.0,132.0,25
2905.0,57.81874008178,60,0.036,7.37e-09,186000000.0,132.0,25
2906.0,57.82091102599,60,0.036,7.37e-09,186000000.0,132.0,25
2907.0,57.8230819702,60,0.036,7.37e-09,186000000.0,132.0,25
2908.0,57.82523117064,60,0.036,7.37e-09,186000000.0,132.0,25
2909.0,57.82738037108,60,0.036,7.37e-09,186000000.0,132.0,25
2910.0,57.82952957152,60,0.036,7.37e-09,186000000.0,132.0,25
2911.0,57.83167877196,60,0.036,7.37e-09,186000000.0,132.0,25
2912.0,57.8338279724,60,0.036,7.37e-09,186000000.0,132.0,25
2913.0,57.83597717284,60,0.036,7.37e-09,186000000.0,132.0,25
2914.0,57.83812637328,60,0.036,7.37e-09,186000000.0,132.0,25
2915.0,57.84027557372,60,0.036,7.37e-09,186000000.0,132.0,25
2916.0,57.84242477416,60,0.036,7.37e-09,186000000.0,132.0,25
2917.0,57.8445739746,60,0.036,7.37e-09,186000000.0,132.0,25
2918.0,57.84670181274,60,0.036,7.37e-09,186000000.0,132.0,25
2919.0,57.84882965088,60,0.036,7.37e-09,186000000.0,132.0,25
2920.0,57.85095748902,60,0.036,7.37e-09,186000000.0,132.0,25
2921.0,57.85308532716,60,0.036,7.37e-09,186000000.0,132.0,25
2922.0,57.8552131653,60,0.036,7.37e-09,186000000.0,132.0,25
2923.0,57.85734100344,60,0.036,7.37e-09,186000000.0,132.0,25
2924.0,57.85946884158,60,0.036,7.37e-09,186000000.0,132.0,25
2925.0,57.86159667972,60,0.036,7.37e-09,186000000.0,132.0,25
2926.0,57.86372451786,60,0.036,7.37e-09,186000000.0,132.0,25
2927.0,57.865852356,60,0.036,7.37e-09,186000000.0,132.0,25
2928.0,57.86795959477,60,0.036,7.37e-09,186000000.0,132.0,25
2929.0,57.87006683354,60,0.036,7.37e-09,186000000.0,132.0,25
2930.0,57.87217407231,60,0.036,7.37e-09,186000000.0,132.0,25
2931.0,57.87428131108,60,0.036,7.37e-09,186000000.0,132.0,25
2932.0,57.87638854985,60,0.036,7.37e-09,186000000.0,132.0,25
2933.0,57.87849578862,60,0.036,7.37e-09,186000000.0,132.0,25
2934.0,57.88060302739,60,0.036,7.37e-09,186000000.0,132.0,25
2935.0,57.88271026616,60,0.036,7.37e-09,186000000.0,132.0,25
2936.0,57.88481750493,60,0.036,7.37e-09,186000000.0,132.0,25
2937.0,57.8869247437,60,0.036,7.37e-09,186000000.0,132.0,25
2938.0,57.88901062016,60,0.036,7.37e-09,186000000.0,132.0,25
2939.0,57.89109649662,60,0.036,7.37e-09,186000000.0,132.0,25
2940.0,57.89318237308,60,0.036,7.37e-09,186000000.0,132.0,25
2941.0,57.89526824954,60,0.036,7.37e-09,186000000.0,132.0,25
2942.0,57.897354126,60,0.036,7.37e-09,186000000.0,132.0,25
2943.0,57.89944000246,60,0.036,7.37e-09,186000000.0,132.0,25
2944.0,57.90152587892,60,0.036,7.37e-09,186000000.0,132.0,25
2945.0,57.90361175538,60,0.036,7.37e-09,186000000.0,132.0,25
2946.0,57.90569763184,60,0.036,7.37e-09,186000000.0,132.0,25
2947.0,57.9077835083,60,0.036,7.37e-09,186000000.0,132.0,25
2948.0,57.90984916687,60,0.036,7.37e-09,186000000.0,132.0,25
2949.0,57.91191482544,60,0.036,7.37e-09,186000000.0,132.0,25
2950.0,57.91398048401,60,0.036,7.37e-09,186000000.0,132.0,25
2951.0,57.91604614258,60,0.036,7.37e-09,186000000.0,132.0,25
2952.0,57.91811180115,60,0.036,7.37e-09,186000000.0,132.0,25
2953.0,57.92017745972,60,0.036,7.37e-09,186000000.0,132.0,25
2954.0,57.92224311829,60,0.036,7.37e-09,186000000.0,132.0,25
2955.0,57.92430877686,60,0.036,7.37e-09,186000000.0,132.0,25
2956.0,57.92637443543,60,0.036,7.37e-09,186000000.0,132.0,25
2957.0,57.928440094,60,0.036,7.37e-09,186000000.0,132.0,25
2958.0,57.93048553467,60,0.036,7.37e-09,186000000.0,132.0,25
2959.0,57.93253097534,60,0.036,7.37e-09,186000000.0,132.0,25
2960.0,57.93457641601,60,0.036,7.37e-09,186000000.0,132.0,25
2961.0,57.93662185668,60,0.036,7.37e-09,186000000.0,132.0,25
2962.0,57.93866729735,60,0.036,7.37e-09,186000000.0,132.0,25
2963.0,57.94071273802,60,0.036,7.37e-09,186000000.0,132.0,25
2964.0,57.94275817869,60,0.036,7.37e-09,186000000.0,132.0,25
2965.0,57.94480361936,60,0.036,7.37e-09,186000000.0,132.0,25
2966.0,57.94684906003,60,0.036,7.37e-09,186000000.0,132.0,25
2967.0,57.9488945007,60,0.036,7.37e-09,186000000.0,132.0,25
2968.0,57.95091934201,60,0.036,7.37e-09,186000000.0,132.0,25
2969.0,57.95294418332,60,0.036,7.37e-09,186000000.0,132.0,25
2970.0,57.95496902463,60,0.036,7.37e-09,186000000.0,132.0,25
2971.0,57.95699386594,60,0.036,7.37e-09,186000000.0,132.0,25
2972.0,57.95901870725,60,0.036,7.37e-09,186000000.0,132.0,25
2973.0,57.96104354856,60,0.036,7.37e-09,186000000.0,132.0,25
2974.0,57.96306838987,60,0.036,7.37e-09,186000000.0,132.0,25
2975.0,57.96509323118,60,0.036,7.37e-09,186000000.0,132.0,25
2976.0,57.96711807249,60,0.036,7.37e-09,186000000.0,132.0,25
2977.0,57.9691429138,60,0.036,7.37e-09,186000000.0,132.0,25
2978.0,57.97114791868,60,0.036,7.37e-09,186000000.0,132.0,25
2979.0,57.97315292356,60,0.036,7.37e-09,186000000.0,132.0,25
2980.0,57.97515792844,60,0.036,7.37e-09,186000000.0,132.0,25
2981.0,57.97716293332,60,0.036,7.37e-09,186000000.0,132.0,25
2982.0,57.9791679382,60,0.036,7.37e-09,186000000.0,132.0,25
2983.0,57.98117294308,60,0.036,7.37e-09,186000000.0,132.0,25
2984.0,57.98317794796,60,0.036,7.37e-09,186000000.0,132.0,25
2985.0,57.98518295284,60,0.036,7.37e-09,186000000.0,132.0,25
2986.0,57.98718795772,60,0.036,7.37e-09,186000000.0,132.0,25
2987.0,57.9891929626,60,0.036,7.37e-09,186000000.0,132.0,25
2988.0,57.99117813106,60,0.036,7.37e-09,186000000.0,132.0,25
2989.0,57.99316329952,60,0.036,7.37e-09,186000000.0,132.0,25
2990.0,57.99514846798,60,0.036,7.37e-09,186000000.0,132.0,25
2991.0,57.99713363644,60,0.036,7.37e-09,186000000.0,132.0,25
2992.0,57.9991188049,60,0.036,7.37e-09,186000000.0,132.0,25
2993.0,58.00110397336,60,0.036,7.37e-09,186000000.0,132.0,25
2994.0,58.00308914182,60,0.036,7.37e-09,186000000.0,132.0,25
2995.0,58.00507431028,60,0.036,7.37e-09,186000000.0,132.0,25
2996.0,58.00705947874,60,0.036,7.37e-09,186000000.0,132.0,25
2997.0,58.0090446472,60,0.036,7.37e-09,186000000.0,132.0,25
2998.0,58.0110244751,60,0.036,7.37e-09,186000000.0,132.0,25
2999.0,58.013004303,60,0.036,7.37e-09,186000000.0,132.0,25
3000.0,58.0149841309,60,0.036,7.37e-09,186000000.0,132.0,25
