0,15,15,1.1,1.1,921,150,2700
1,15.0266666666667,15.0000789824934,1.1,1.1,921,150,2700
2,15.0533333333333,15.0002842656828,1.1,1.1,921,150,2700
3,15.08,15.0005515841856,1.1,1.1,921,150,2700
4,15.1066666666667,15.0009540214467,1.1,1.1,921,150,2700
5,15.1333333333333,15.0014165137198,1.1,1.1,921,150,2700
6,15.16,15.0020187085837,1.1,1.1,921,150,2700
7,15.1866666666667,15.0026416659623,1.1,1.1,921,150,2700
8,15.2133333333333,15.00337748119,1.1,1.1,921,150,2700
9,15.24,15.004208401726,1.1,1.1,921,150,2700
10,15.2666666666667,15.0051344275705,1.1,1.1,921,150,2700
11,15.2933333333333,15.0061555587234,1.1,1.1,921,150,2700
12,15.32,15.0072717951846,1.1,1.1,921,150,2700
13,15.3466666666667,15.0084831369543,1.1,1.1,921,150,2700
14,15.3733333333333,15.0097895840324,1.1,1.1,921,150,2700
15,15.4,15.0111911364189,1.1,1.1,921,150,2700
16,15.4266666666667,15.0126877941138,1.1,1.1,921,150,2700
17,15.4533333333333,15.0142795571171,1.1,1.1,921,150,2700
18,15.48,15.0159664254288,1.1,1.1,921,150,2700
19,15.5066666666667,15.0177483990489,1.1,1.1,921,150,2700
20,15.5333333333333,15.0196254779774,1.1,1.1,921,150,2700
21,15.56,15.0215976622143,1.1,1.1,921,150,2700
22,15.5866666666667,15.0236649517596,1.1,1.1,921,150,2700
23,15.6133333333333,15.0258273466134,1.1,1.1,921,150,2700
24,15.64,15.0280848467755,1.1,1.1,921,150,2700
25,15.6666666666667,15.030437452246,1.1,1.1,921,150,2700
26,15.6933333333333,15.032885163025,1.1,1.1,921,150,2700
27,15.72,15.0354215184434,1.1,1.1,921,150,2700
28,15.7466666666667,15.0380128408753,1.1,1.1,921,150,2700
29,15.7733333333333,15.0406949202989,1.1,1.1,921,150,2700
30,15.8,15.043467756714,1.1,1.1,921,150,2700
31,15.8266666666667,15.0463313501207,1.1,1.1,921,150,2700
32,15.8533333333333,15.049285700519,1.1,1.1,921,150,2700
33,15.88,15.052330807909,1.1,1.1,921,150,2700
34,15.9066666666667,15.0554666722905,1.1,1.1,921,150,2700
35,15.9333333333333,15.0586932936636,1.1,1.1,921,150,2700
36,15.96,15.0620106720282,1.1,1.1,921,150,2700
37,15.9866666666667,15.0654188073845,1.1,1.1,921,150,2700
38,16.0133333333333,15.0689176997324,1.1,1.1,921,150,2700
39,16.04,15.0725073490719,1.1,1.1,921,150,2700
40,16.0666666666667,15.0761877554029,1.1,1.1,921,150,2700
41,16.0933333333333,15.0799589187256,1.1,1.1,921,150,2700
42,16.12,15.0838208390398,1.1,1.1,921,150,2700
43,16.1466666666667,15.0877735163457,1.1,1.1,921,150,2700
44,16.1733333333333,15.0918169506431,1.1,1.1,921,150,2700
45,16.2,15.0959511419321,1.1,1.1,921,150,2700
46,16.2266666666667,15.1001760902127,1.1,1.1,921,150,2700
47,16.2533333333333,15.1044914327715,1.1,1.1,921,150,2700
48,16.28,15.1088377690439,1.1,1.1,921,150,2700
49,16.3066666666667,15.113269177391,1.1,1.1,921,150,2700
50,16.3333333333333,15.117785657813,1.1,1.1,921,150,2700
51,16.36,15.1223872103098,1.1,1.1,921,150,2700
52,16.3866666666667,15.1270738348814,1.1,1.1,921,150,2700
53,16.4133333333333,15.1318455315279,1.1,1.1,921,150,2700
54,16.44,15.1367023002491,1.1,1.1,921,150,2700
55,16.4666666666667,15.1416441410452,1.1,1.1,921,150,2700
56,16.4933333333333,15.1466710539161,1.1,1.1,921,150,2700
57,16.52,15.1517830388618,1.1,1.1,921,150,2700
58,16.5466666666667,15.1569800958823,1.1,1.1,921,150,2700
59,16.5733333333333,15.1622622249777,1.1,1.1,921,150,2700
60,16.6,15.1676294261479,1.1,1.1,921,150,2700
61,16.6266666666667,15.1730816993929,1.1,1.1,921,150,2700
62,16.6533333333333,15.1786190447127,1.1,1.1,921,150,2700
63,16.68,15.1842414621074,1.1,1.1,921,150,2700
64,16.7066666666667,15.1899489515768,1.1,1.1,921,150,2700
65,16.7333333333333,15.1957415131211,1.1,1.1,921,150,2700
66,16.76,15.2016191467402,1.1,1.1,921,150,2700
67,16.7866666666667,15.2075818524342,1.1,1.1,921,150,2700
68,16.8133333333333,15.2135745974059,1.1,1.1,921,150,2700
69,16.84,15.2196382684496,1.1,1.1,921,150,2700
70,16.8666666666667,15.2257809624933,1.1,1.1,921,150,2700
71,16.8933333333333,15.232002679537,1.1,1.1,921,150,2700
72,16.92,15.2383034195806,1.1,1.1,921,150,2700
73,16.9466666666667,15.2446831826242,1.1,1.1,921,150,2700
74,16.9733333333333,15.2511419686677,1.1,1.1,921,150,2700
75,17,15.2576797777111,1.1,1.1,921,150,2700
76,17.0266666666667,15.2642966097546,1.1,1.1,921,150,2700
77,17.0533333333333,15.270992464798,1.1,1.1,921,150,2700
78,17.08,15.2777673428413,1.1,1.1,921,150,2700
79,17.1066666666667,15.2846212438846,1.1,1.1,921,150,2700
80,17.1333333333333,15.2915541679278,1.1,1.1,921,150,2700
81,17.16,15.298566114971,1.1,1.1,921,150,2700
82,17.1866666666667,15.3056570850142,1.1,1.1,921,150,2700
83,17.2133333333333,15.3128270780573,1.1,1.1,921,150,2700
84,17.24,15.3200760941004,1.1,1.1,921,150,2700
85,17.2666666666667,15.3274041331434,1.1,1.1,921,150,2700
86,17.2933333333333,15.3348111951864,1.1,1.1,921,150,2700
87,17.32,15.3422972802293,1.1,1.1,921,150,2700
88,17.3466666666667,15.3498532823437,1.1,1.1,921,150,2700
89,17.3733333333333,15.3574803940716,1.1,1.1,921,150,2700
90,17.4,15.3651810799241,1.1,1.1,921,150,2700
91,17.4266666666667,15.3729550529355,1.1,1.1,921,150,2700
92,17.4533333333333,15.3808020261402,1.1,1.1,921,150,2700
93,17.48,15.3887217125726,1.1,1.1,921,150,2700
94,17.5066666666667,15.3967138252671,1.1,1.1,921,150,2700
95,17.5333333333333,15.404778077258,1.1,1.1,921,150,2700
96,17.56,15.4129141815797,1.1,1.1,921,150,2700
97,17.5866666666667,15.4211218512666,1.1,1.1,921,150,2700
98,17.6133333333333,15.4294007993531,1.1,1.1,921,150,2700
99,17.64,15.4377507388735,1.1,1.1,921,150,2700
100,17.6666666666667,15.4461713828623,1.1,1.1,921,150,2700
101,17.6933333333333,15.4546624443538,1.1,1.1,921,150,2700
102,17.72,15.4632236363823,1.1,1.1,921,150,2700
103,17.7466666666667,15.4718546719823,1.1,1.1,921,150,2700
104,17.7733333333333,15.4805552641882,1.1,1.1,921,150,2700
105,17.8,15.4893251260342,1.1,1.1,921,150,2700
106,17.8266666666667,15.4981639705549,1.1,1.1,921,150,2700
107,17.8533333333333,15.5070715107845,1.1,1.1,921,150,2700
108,17.88,15.5160474597575,1.1,1.1,921,150,2700
109,17.9066666666667,15.5250915305081,1.1,1.1,921,150,2700
110,17.9333333333333,15.5342034360709,1.1,1.1,921,150,2700
111,17.96,15.5433828894802,1.1,1.1,921,150,2700
112,17.9866666666667,15.5526296037703,1.1,1.1,921,150,2700
113,18.0133333333333,15.5619432919756,1.1,1.1,921,150,2700
114,18.04,15.5713236671306,1.1,1.1,921,150,2700
115,18.0666666666667,15.5807704422695,1.1,1.1,921,150,2700
116,18.0933333333333,15.5902833304268,1.1,1.1,921,150,2700
117,18.12,15.5998620446369,1.1,1.1,921,150,2700
118,18.1466666666667,15.609506297934,1.1,1.1,921,150,2700
119,18.1733333333333,15.6192158033527,1.1,1.1,921,150,2700
120,18.2,15.6289902739272,1.1,1.1,921,150,2700
121,18.2266666666667,15.6388294226919,1.1,1.1,921,150,2700
122,18.2533333333333,15.6487329626813,1.1,1.1,921,150,2700
123,18.28,15.6587006069297,1.1,1.1,921,150,2700
124,18.3066666666667,15.6687320684715,1.1,1.1,921,150,2700
125,18.3333333333333,15.678827060341,1.1,1.1,921,150,2700
126,18.36,15.6889852955727,1.1,1.1,921,150,2700
127,18.3866666666667,15.6992064872009,1.1,1.1,921,150,2700
128,18.4133333333333,15.70949034826,1.1,1.1,921,150,2700
129,18.44,15.7198365917843,1.1,1.1,921,150,2700
130,18.4666666666667,15.7302449308083,1.1,1.1,921,150,2700
131,18.4933333333333,15.7407150783663,1.1,1.1,921,150,2700
132,18.52,15.7512467474927,1.1,1.1,921,150,2700
133,18.5466666666667,15.7618396512218,1.1,1.1,921,150,2700
134,18.5733333333333,15.7724935025882,1.1,1.1,921,150,2700
135,18.6,15.783208014626,1.1,1.1,921,150,2700
136,18.6266666666667,15.7939829003698,1.1,1.1,921,150,2700
137,18.6533333333333,15.8048178728538,1.1,1.1,921,150,2700
138,18.68,15.8157126451126,1.1,1.1,921,150,2700
139,18.7066666666667,15.8266669301803,1.1,1.1,921,150,2700
140,18.7333333333333,15.8376804410915,1.1,1.1,921,150,2700
141,18.76,15.8487528908804,1.1,1.1,921,150,2700
142,18.7866666666667,15.8598839925815,1.1,1.1,921,150,2700
143,18.8133333333333,15.8710734592292,1.1,1.1,921,150,2700
144,18.84,15.8823210038578,1.1,1.1,921,150,2700
145,18.8666666666667,15.8936263395017,1.1,1.1,921,150,2700
146,18.8933333333333,15.9049891791953,1.1,1.1,921,150,2700
147,18.92,15.9164092359729,1.1,1.1,921,150,2700
148,18.9466666666667,15.927886222869,1.1,1.1,921,150,2700
149,18.9733333333333,15.9394198529179,1.1,1.1,921,150,2700
150,19,15.951009839154,1.1,1.1,921,150,2700
151,19.0266666666667,15.9626558946116,1.1,1.1,921,150,2700
152,19.0533333333333,15.9743577323252,1.1,1.1,921,150,2700
153,19.08,15.9861150653291,1.1,1.1,921,150,2700
154,19.1066666666667,15.9979276066577,1.1,1.1,921,150,2700
155,19.1333333333333,16.0097950693453,1.1,1.1,921,150,2700
156,19.16,16.0217171664264,1.1,1.1,921,150,2700
157,19.1866666666667,16.0336936109354,1.1,1.1,921,150,2700
158,19.2133333333333,16.0457241159066,1.1,1.1,921,150,2700
159,19.24,16.0578083943743,1.1,1.1,921,150,2700
160,19.2666666666667,16.069946159373,1.1,1.1,921,150,2700
161,19.2933333333333,16.082137123937,1.1,1.1,921,150,2700
162,19.32,16.0943810011008,1.1,1.1,921,150,2700
163,19.3466666666667,16.1066775038986,1.1,1.1,921,150,2700
164,19.3733333333333,16.1190263453649,1.1,1.1,921,150,2700
165,19.4,16.1314272385341,1.1,1.1,921,150,2700
166,19.4266666666667,16.1438798964405,1.1,1.1,921,150,2700
167,19.4533333333333,16.1563840321185,1.1,1.1,921,150,2700
168,19.48,16.1689393586024,1.1,1.1,921,150,2700
169,19.5066666666667,16.1815455889267,1.1,1.1,921,150,2700
170,19.5333333333333,16.194288077979,1.1,1.1,921,150,2700
171,19.56,16.2070970061378,1.1,1.1,921,150,2700
172,19.5866666666667,16.2199596076832,1.1,1.1,921,150,2700
173,19.6133333333333,16.2328756390105,1.1,1.1,921,150,2700
174,19.64,16.2458448565151,1.1,1.1,921,150,2700
175,19.6666666666667,16.2588670165923,1.1,1.1,921,150,2700
176,19.6933333333333,16.2719418756375,1.1,1.1,921,150,2700
177,19.72,16.2850691900461,1.1,1.1,921,150,2700
178,19.7466666666667,16.2982487162134,1.1,1.1,921,150,2700
179,19.7733333333333,16.3114802105347,1.1,1.1,921,150,2700
180,19.8,16.3247634294055,1.1,1.1,921,150,2700
181,19.8266666666667,16.338098129221,1.1,1.1,921,150,2700
182,19.8533333333333,16.3514840663766,1.1,1.1,921,150,2700
183,19.88,16.3649209972678,1.1,1.1,921,150,2700
184,19.9066666666667,16.3784086782897,1.1,1.1,921,150,2700
185,19.9333333333333,16.3919468658379,1.1,1.1,921,150,2700
186,19.96,16.4055353163076,1.1,1.1,921,150,2700
187,19.9866666666667,16.4191737860942,1.1,1.1,921,150,2700
188,20.0133333333333,16.432862031593,1.1,1.1,921,150,2700
189,20.04,16.4465998091995,1.1,1.1,921,150,2700
190,20.0666666666667,16.4603868753089,1.1,1.1,921,150,2700
191,20.0933333333333,16.4742229863167,1.1,1.1,921,150,2700
192,20.12,16.4881078986181,1.1,1.1,921,150,2700
193,20.1466666666667,16.5020413686086,1.1,1.1,921,150,2700
194,20.1733333333333,16.5160231526834,1.1,1.1,921,150,2700
195,20.2,16.530053007238,1.1,1.1,921,150,2700
196,20.2266666666667,16.5441306886677,1.1,1.1,921,150,2700
197,20.2533333333333,16.5582559533678,1.1,1.1,921,150,2700
198,20.28,16.5724285577338,1.1,1.1,921,150,2700
199,20.3066666666667,16.5866482581609,1.1,1.1,921,150,2700
200,20.3333333333333,16.6009148110445,1.1,1.1,921,150,2700
201,20.36,16.61522797278,1.1,1.1,921,150,2700
202,20.3866666666667,16.6295874997627,1.1,1.1,921,150,2700
203,20.4133333333333,16.643993148388,1.1,1.1,921,150,2700
204,20.44,16.6584446750512,1.1,1.1,921,150,2700
205,20.4666666666667,16.6729418361477,1.1,1.1,921,150,2700
206,20.4933333333333,16.6874843880729,1.1,1.1,921,150,2700
207,20.52,16.7020720872221,1.1,1.1,921,150,2700
208,20.5466666666667,16.7167046899906,1.1,1.1,921,150,2700
209,20.5733333333333,16.7313819527738,1.1,1.1,921,150,2700
210,20.6,16.7461036319671,1.1,1.1,921,150,2700
211,20.6266666666667,16.7608694839658,1.1,1.1,921,150,2700
212,20.6533333333333,16.7756792651653,1.1,1.1,921,150,2700
213,20.68,16.790532731961,1.1,1.1,921,150,2700
214,20.7066666666667,16.8054296407481,1.1,1.1,921,150,2700
215,20.7333333333333,16.8203697479221,1.1,1.1,921,150,2700
216,20.76,16.8353528098782,1.1,1.1,921,150,2700
217,20.7866666666667,16.8503785830119,1.1,1.1,921,150,2700
218,20.8133333333333,16.8654468237185,1.1,1.1,921,150,2700
219,20.84,16.8805572883934,1.1,1.1,921,150,2700
220,20.8666666666667,16.8957097334319,1.1,1.1,921,150,2700
221,20.8933333333333,16.9109039152294,1.1,1.1,921,150,2700
222,20.92,16.9261395901812,1.1,1.1,921,150,2700
223,20.9466666666667,16.9414165146826,1.1,1.1,921,150,2700
224,20.9733333333333,16.9567344451291,1.1,1.1,921,150,2700
225,21,16.972093137916,1.1,1.1,921,150,2700
226,21.0266666666667,16.9874923494387,1.1,1.1,921,150,2700
227,21.0533333333333,17.0029318360924,1.1,1.1,921,150,2700
228,21.08,17.0184113542727,1.1,1.1,921,150,2700
229,21.1066666666667,17.0339306603747,1.1,1.1,921,150,2700
230,21.1333333333333,17.0494895107939,1.1,1.1,921,150,2700
231,21.16,17.0650876619256,1.1,1.1,921,150,2700
232,21.1866666666667,17.0807248701652,1.1,1.1,921,150,2700
233,21.2133333333333,17.096400891908,1.1,1.1,921,150,2700
234,21.24,17.1121154835494,1.1,1.1,921,150,2700
235,21.2666666666667,17.1278684014847,1.1,1.1,921,150,2700
236,21.2933333333333,17.1436594021094,1.1,1.1,921,150,2700
237,21.32,17.1594882418187,1.1,1.1,921,150,2700
238,21.3466666666667,17.175354677008,1.1,1.1,921,150,2700
239,21.3733333333333,17.1912584640726,1.1,1.1,921,150,2700
240,21.4,17.207199359408,1.1,1.1,921,150,2700
241,21.4266666666667,17.2231771194095,1.1,1.1,921,150,2700
242,21.4533333333333,17.2391915004724,1.1,1.1,921,150,2700
243,21.48,17.255242258992,1.1,1.1,921,150,2700
244,21.5066666666667,17.2713291513638,1.1,1.1,921,150,2700
245,21.5333333333333,17.2874519339831,1.1,1.1,921,150,2700
246,21.56,17.3036103632453,1.1,1.1,921,150,2700
247,21.5866666666667,17.3198041955456,1.1,1.1,921,150,2700
248,21.6133333333333,17.3360331872795,1.1,1.1,921,150,2700
249,21.64,17.3522970948424,1.1,1.1,921,150,2700
250,21.6666666666667,17.3685956746295,1.1,1.1,921,150,2700
251,21.6933333333333,17.3849306728151,1.1,1.1,921,150,2700
252,21.72,17.4014353838472,1.1,1.1,921,150,2700
253,21.7466666666667,17.4179790439133,1.1,1.1,921,150,2700
254,21.7733333333333,17.4345614698359,1.1,1.1,921,150,2700
255,21.8,17.4511824784376,1.1,1.1,921,150,2700
256,21.8266666666667,17.4678418865409,1.1,1.1,921,150,2700
257,21.8533333333333,17.4845395109682,1.1,1.1,921,150,2700
258,21.88,17.5012751685422,1.1,1.1,921,150,2700
259,21.9066666666667,17.5180486760854,1.1,1.1,921,150,2700
260,21.9333333333333,17.5348598504203,1.1,1.1,921,150,2700
261,21.96,17.5517085083694,1.1,1.1,921,150,2700
262,21.9866666666667,17.5685944667553,1.1,1.1,921,150,2700
263,22.0133333333333,17.5855175424005,1.1,1.1,921,150,2700
264,22.04,17.6024775521274,1.1,1.1,921,150,2700
265,22.0666666666667,17.6194743127588,1.1,1.1,921,150,2700
266,22.0933333333333,17.636507641117,1.1,1.1,921,150,2700
267,22.12,17.6535773540247,1.1,1.1,921,150,2700
268,22.1466666666667,17.6706832683043,1.1,1.1,921,150,2700
269,22.1733333333333,17.6878252007783,1.1,1.1,921,150,2700
270,22.2,17.7050029682694,1.1,1.1,921,150,2700
271,22.2266666666667,17.7222163876,1.1,1.1,921,150,2700
272,22.2533333333333,17.7394652755927,1.1,1.1,921,150,2700
273,22.28,17.75674944907,1.1,1.1,921,150,2700
274,22.3066666666667,17.7740687248544,1.1,1.1,921,150,2700
275,22.3333333333333,17.7914229197684,1.1,1.1,921,150,2700
276,22.36,17.8088118506347,1.1,1.1,921,150,2700
277,22.3866666666667,17.8262353342756,1.1,1.1,921,150,2700
278,22.4133333333333,17.8436931875138,1.1,1.1,921,150,2700
279,22.44,17.8611852271718,1.1,1.1,921,150,2700
280,22.4666666666667,17.8787112700721,1.1,1.1,921,150,2700
281,22.4933333333333,17.8962711330373,1.1,1.1,921,150,2700
282,22.52,17.9138646328898,1.1,1.1,921,150,2700
283,22.5466666666667,17.9314915864522,1.1,1.1,921,150,2700
284,22.5733333333333,17.9491518105471,1.1,1.1,921,150,2700
285,22.6,17.9668451219969,1.1,1.1,921,150,2700
286,22.6266666666667,17.9845713376242,1.1,1.1,921,150,2700
287,22.6533333333333,18.0023302742515,1.1,1.1,921,150,2700
288,22.68,18.0201217487014,1.1,1.1,921,150,2700
289,22.7066666666667,18.0379455777963,1.1,1.1,921,150,2700
290,22.7333333333333,18.0558015783589,1.1,1.1,921,150,2700
291,22.76,18.0736895672116,1.1,1.1,921,150,2700
292,22.7866666666667,18.091609361177,1.1,1.1,921,150,2700
293,22.8133333333333,18.1095607770776,1.1,1.1,921,150,2700
294,22.84,18.1275436317359,1.1,1.1,921,150,2700
295,22.8666666666667,18.1455577419745,1.1,1.1,921,150,2700
296,22.8933333333333,18.1636029246159,1.1,1.1,921,150,2700
297,22.92,18.1816789964826,1.1,1.1,921,150,2700
298,22.9466666666667,18.1997857743972,1.1,1.1,921,150,2700
299,22.9733333333333,18.2179230751822,1.1,1.1,921,150,2700
300,23,18.2360907156601,1.1,1.1,921,150,2700
301,23.0266666666667,18.2542885126534,1.1,1.1,921,150,2700
302,23.0533333333333,18.2725162829847,1.1,1.1,921,150,2700
303,23.08,18.2907738434765,1.1,1.1,921,150,2700
304,23.1066666666667,18.3090610109514,1.1,1.1,921,150,2700
305,23.1333333333333,18.3273776022318,1.1,1.1,921,150,2700
306,23.16,18.3457234341403,1.1,1.1,921,150,2700
307,23.1866666666667,18.3640983234995,1.1,1.1,921,150,2700
308,23.2133333333333,18.3825020871318,1.1,1.1,921,150,2700
309,23.24,18.4009345418598,1.1,1.1,921,150,2700
310,23.2666666666667,18.419395504506,1.1,1.1,921,150,2700
311,23.2933333333333,18.437884791893,1.1,1.1,921,150,2700
312,23.32,18.4564022208432,1.1,1.1,921,150,2700
313,23.3466666666667,18.4749476081793,1.1,1.1,921,150,2700
314,23.3733333333333,18.4935207707237,1.1,1.1,921,150,2700
315,23.4,18.512121525299,1.1,1.1,921,150,2700
316,23.4266666666667,18.5307496887277,1.1,1.1,921,150,2700
317,23.4533333333333,18.5494050778323,1.1,1.1,921,150,2700
318,23.48,18.5680875094354,1.1,1.1,921,150,2700
319,23.5066666666667,18.5867968003595,1.1,1.1,921,150,2700
320,23.5333333333333,18.6055327674271,1.1,1.1,921,150,2700
321,23.56,18.6242952274608,1.1,1.1,921,150,2700
322,23.5866666666667,18.6430839972831,1.1,1.1,921,150,2700
323,23.6133333333333,18.6618988937164,1.1,1.1,921,150,2700
324,23.64,18.6807397335834,1.1,1.1,921,150,2700
325,23.6666666666667,18.6996063337066,1.1,1.1,921,150,2700
326,23.6933333333333,18.7184985109085,1.1,1.1,921,150,2700
327,23.72,18.7374160820117,1.1,1.1,921,150,2700
328,23.7466666666667,18.7563588638386,1.1,1.1,921,150,2700
329,23.7733333333333,18.7753266732118,1.1,1.1,921,150,2700
330,23.8,18.7943193269538,1.1,1.1,921,150,2700
331,23.8266666666667,18.8133366418872,1.1,1.1,921,150,2700
332,23.8533333333333,18.8323784348345,1.1,1.1,921,150,2700
333,23.88,18.8514636041345,1.1,1.1,921,150,2700
334,23.9066666666667,18.870676300866,1.1,1.1,921,150,2700
335,23.9333333333333,18.8899173712712,1.1,1.1,921,150,2700
336,23.96,18.9091866857198,1.1,1.1,921,150,2700
337,23.9866666666667,18.9284841145814,1.1,1.1,921,150,2700
338,24.0133333333333,18.9478095282254,1.1,1.1,921,150,2700
339,24.04,18.9671627970215,1.1,1.1,921,150,2700
340,24.0666666666667,18.9865437913392,1.1,1.1,921,150,2700
341,24.0933333333333,19.0059523815481,1.1,1.1,921,150,2700
342,24.12,19.0253884380176,1.1,1.1,921,150,2700
343,24.1466666666667,19.0448518311175,1.1,1.1,921,150,2700
344,24.1733333333333,19.0643424312171,1.1,1.1,921,150,2700
345,24.2,19.0838601086861,1.1,1.1,921,150,2700
346,24.2266666666667,19.1034047338941,1.1,1.1,921,150,2700
347,24.2533333333333,19.1229761772105,1.1,1.1,921,150,2700
348,24.28,19.142574309005,1.1,1.1,921,150,2700
349,24.3066666666667,19.1621989996471,1.1,1.1,921,150,2700
350,24.3333333333333,19.1818501195064,1.1,1.1,921,150,2700
351,24.36,19.2015275389523,1.1,1.1,921,150,2700
352,24.3866666666667,19.2212311283546,1.1,1.1,921,150,2700
353,24.4133333333333,19.2409607580826,1.1,1.1,921,150,2700
354,24.44,19.260716298506,1.1,1.1,921,150,2700
355,24.4666666666667,19.2804976199944,1.1,1.1,921,150,2700
356,24.4933333333333,19.3003045929172,1.1,1.1,921,150,2700
357,24.52,19.3201370876441,1.1,1.1,921,150,2700
358,24.5466666666667,19.3399949745446,1.1,1.1,921,150,2700
359,24.5733333333333,19.3598781239883,1.1,1.1,921,150,2700
360,24.6,19.3797864063446,1.1,1.1,921,150,2700
361,24.6266666666667,19.3997196919833,1.1,1.1,921,150,2700
362,24.6533333333333,19.4196778512737,1.1,1.1,921,150,2700
363,24.68,19.4396607545856,1.1,1.1,921,150,2700
364,24.7066666666667,19.4596682722883,1.1,1.1,921,150,2700
365,24.7333333333333,19.4797002747516,1.1,1.1,921,150,2700
366,24.76,19.4997566323449,1.1,1.1,921,150,2700
367,24.7866666666667,19.5198372154378,1.1,1.1,921,150,2700
368,24.8133333333333,19.5399418943998,1.1,1.1,921,150,2700
369,24.84,19.5600705396006,1.1,1.1,921,150,2700
370,24.8666666666667,19.5802230214097,1.1,1.1,921,150,2700
371,24.8933333333333,19.6003992101965,1.1,1.1,921,150,2700
372,24.92,19.6205989763308,1.1,1.1,921,150,2700
373,24.9466666666667,19.6408221901819,1.1,1.1,921,150,2700
374,24.9733333333333,19.6610687221196,1.1,1.1,921,150,2700
375,25,19.6813384425133,1.1,1.1,921,150,2700
376,25.0266666666667,19.7016312217326,1.1,1.1,921,150,2700
377,25.0533333333333,19.7219469301471,1.1,1.1,921,150,2700
378,25.08,19.7422854381262,1.1,1.1,921,150,2700
379,25.1066666666667,19.7626466160397,1.1,1.1,921,150,2700
380,25.1333333333333,19.783030334257,1.1,1.1,921,150,2700
381,25.16,19.8034364631476,1.1,1.1,921,150,2700
382,25.1866666666667,19.8238648730812,1.1,1.1,921,150,2700
383,25.2133333333333,19.8443154344273,1.1,1.1,921,150,2700
384,25.24,19.8647880175554,1.1,1.1,921,150,2700
385,25.2666666666667,19.8852824928351,1.1,1.1,921,150,2700
386,25.2933333333333,19.905798730636,1.1,1.1,921,150,2700
387,25.32,19.9263366013276,1.1,1.1,921,150,2700
388,25.3466666666667,19.9468959752794,1.1,1.1,921,150,2700
389,25.3733333333333,19.9674767228611,1.1,1.1,921,150,2700
390,25.4,19.9880787144422,1.1,1.1,921,150,2700
391,25.4266666666667,20.0087018203922,1.1,1.1,921,150,2700
392,25.4533333333333,20.0293459110806,1.1,1.1,921,150,2700
393,25.48,20.0500108568772,1.1,1.1,921,150,2700
394,25.5066666666667,20.0706965281513,1.1,1.1,921,150,2700
395,25.5333333333333,20.0914027952726,1.1,1.1,921,150,2700
396,25.56,20.1121295286106,1.1,1.1,921,150,2700
397,25.5866666666667,20.1328765985349,1.1,1.1,921,150,2700
398,25.6133333333333,20.153643875415,1.1,1.1,921,150,2700
399,25.64,20.1744312296204,1.1,1.1,921,150,2700
400,25.6666666666667,20.1952385315208,1.1,1.1,921,150,2700
401,25.6933333333333,20.2160656514857,1.1,1.1,921,150,2700
402,25.72,20.2369124598847,1.1,1.1,921,150,2700
403,25.7466666666667,20.2577788270872,1.1,1.1,921,150,2700
404,25.7733333333333,20.2786646234629,1.1,1.1,921,150,2700
405,25.8,20.2995697193813,1.1,1.1,921,150,2700
406,25.8266666666667,20.320493985212,1.1,1.1,921,150,2700
407,25.8533333333333,20.3414372913245,1.1,1.1,921,150,2700
408,25.88,20.3623995080884,1.1,1.1,921,150,2700
409,25.9066666666667,20.3833805058732,1.1,1.1,921,150,2700
410,25.9333333333333,20.4043801550486,1.1,1.1,921,150,2700
411,25.96,20.4253983259839,1.1,1.1,921,150,2700
412,25.9866666666667,20.4464348890489,1.1,1.1,921,150,2700
413,26.0133333333333,20.467489714613,1.1,1.1,921,150,2700
414,26.04,20.4885626730458,1.1,1.1,921,150,2700
415,26.0666666666667,20.509679221438,1.1,1.1,921,150,2700
416,26.0933333333333,20.5308743960931,1.1,1.1,921,150,2700
417,26.12,20.5520904369938,1.1,1.1,921,150,2700
418,26.1466666666667,20.5733272520553,1.1,1.1,921,150,2700
419,26.1733333333333,20.594584749193,1.1,1.1,921,150,2700
420,26.2,20.6158628363221,1.1,1.1,921,150,2700
421,26.2266666666667,20.6371614213579,1.1,1.1,921,150,2700
422,26.2533333333333,20.6584804122158,1.1,1.1,921,150,2700
423,26.28,20.6798197168109,1.1,1.1,921,150,2700
424,26.3066666666667,20.7011792430585,1.1,1.1,921,150,2700
425,26.3333333333333,20.722558898874,1.1,1.1,921,150,2700
426,26.36,20.7439585921726,1.1,1.1,921,150,2700
427,26.3866666666667,20.7653782308695,1.1,1.1,921,150,2700
428,26.4133333333333,20.7868177228802,1.1,1.1,921,150,2700
429,26.44,20.8082769761198,1.1,1.1,921,150,2700
430,26.4666666666667,20.8297558985036,1.1,1.1,921,150,2700
431,26.4933333333333,20.851254397947,1.1,1.1,921,150,2700
432,26.52,20.8727723823651,1.1,1.1,921,150,2700
433,26.5466666666667,20.8943097596733,1.1,1.1,921,150,2700
434,26.5733333333333,20.9158664377869,1.1,1.1,921,150,2700
435,26.6,20.9374423246211,1.1,1.1,921,150,2700
436,26.6266666666667,20.9590373280912,1.1,1.1,921,150,2700
437,26.6533333333333,20.9806513561125,1.1,1.1,921,150,2700
438,26.68,21.0022843166003,1.1,1.1,921,150,2700
439,26.7066666666667,21.0239361174699,1.1,1.1,921,150,2700
440,26.7333333333333,21.0456066666365,1.1,1.1,921,150,2700
441,26.76,21.0672958720154,1.1,1.1,921,150,2700
442,26.7866666666667,21.0890036415218,1.1,1.1,921,150,2700
443,26.8133333333333,21.1107298830712,1.1,1.1,921,150,2700
444,26.84,21.1324745045787,1.1,1.1,921,150,2700
445,26.8666666666667,21.1542374139597,1.1,1.1,921,150,2700
446,26.8933333333333,21.1760185191294,1.1,1.1,921,150,2700
447,26.92,21.1978177280031,1.1,1.1,921,150,2700
448,26.9466666666667,21.219634948496,1.1,1.1,921,150,2700
449,26.9733333333333,21.2414700885235,1.1,1.1,921,150,2700
450,27,21.2633230560009,1.1,1.1,921,150,2700
451,27.0266666666667,21.2851937588434,1.1,1.1,921,150,2700
452,27.0533333333333,21.3070821049662,1.1,1.1,921,150,2700
453,27.08,21.3289880022848,1.1,1.1,921,150,2700
454,27.1066666666667,21.3509113587143,1.1,1.1,921,150,2700
455,27.1333333333333,21.3728520821701,1.1,1.1,921,150,2700
456,27.16,21.3948100805673,1.1,1.1,921,150,2700
457,27.1866666666667,21.4167852618214,1.1,1.1,921,150,2700
458,27.2133333333333,21.4387775338475,1.1,1.1,921,150,2700
459,27.24,21.4607868045611,1.1,1.1,921,150,2700
460,27.2666666666667,21.4828129818772,1.1,1.1,921,150,2700
461,27.2933333333333,21.5048559737113,1.1,1.1,921,150,2700
462,27.32,21.5269156879786,1.1,1.1,921,150,2700
463,27.3466666666667,21.5489920325943,1.1,1.1,921,150,2700
464,27.3733333333333,21.5710849154739,1.1,1.1,921,150,2700
465,27.4,21.5931942445324,1.1,1.1,921,150,2700
466,27.4266666666667,21.6153199276853,1.1,1.1,921,150,2700
467,27.4533333333333,21.6374618728478,1.1,1.1,921,150,2700
468,27.48,21.6596199879352,1.1,1.1,921,150,2700
469,27.5066666666667,21.6817941808627,1.1,1.1,921,150,2700
470,27.5333333333333,21.7039843595457,1.1,1.1,921,150,2700
471,27.56,21.7261904318994,1.1,1.1,921,150,2700
472,27.5866666666667,21.7484123058391,1.1,1.1,921,150,2700
473,27.6133333333333,21.7706498892801,1.1,1.1,921,150,2700
474,27.64,21.7929030901377,1.1,1.1,921,150,2700
475,27.6666666666667,21.8151718163271,1.1,1.1,921,150,2700
476,27.6933333333333,21.8374559757636,1.1,1.1,921,150,2700
477,27.72,21.8597554763626,1.1,1.1,921,150,2700
478,27.7466666666667,21.8820702260392,1.1,1.1,921,150,2700
479,27.7733333333333,21.9044001327088,1.1,1.1,921,150,2700
480,27.8,21.9267451042866,1.1,1.1,921,150,2700
481,27.8266666666667,21.949105048688,1.1,1.1,921,150,2700
482,27.8533333333333,21.9714798738281,1.1,1.1,921,150,2700
483,27.88,21.9938694876224,1.1,1.1,921,150,2700
484,27.9066666666667,22.016273797986,1.1,1.1,921,150,2700
485,27.9333333333333,22.0386927128343,1.1,1.1,921,150,2700
486,27.96,22.0611261400825,1.1,1.1,921,150,2700
487,27.9866666666667,22.0835739876459,1.1,1.1,921,150,2700
488,28.0133333333333,22.1060361634398,1.1,1.1,921,150,2700
489,28.04,22.1285125753795,1.1,1.1,921,150,2700
490,28.0666666666667,22.1510031313802,1.1,1.1,921,150,2700
491,28.0933333333333,22.1735077393573,1.1,1.1,921,150,2700
492,28.12,22.1960263072259,1.1,1.1,921,150,2700
493,28.1466666666667,22.2185587429015,1.1,1.1,921,150,2700
494,28.1733333333333,22.2411049542992,1.1,1.1,921,150,2700
495,28.2,22.2636648493344,1.1,1.1,921,150,2700
496,28.2266666666667,22.2862383359223,1.1,1.1,921,150,2700
497,28.2533333333333,22.3088695490293,1.1,1.1,921,150,2700
498,28.28,22.3315704405765,1.1,1.1,921,150,2700
499,28.3066666666667,22.3542870521144,1.1,1.1,921,150,2700
500,28.3333333333333,22.3770193107293,1.1,1.1,921,150,2700
501,28.36,22.3997671435075,1.1,1.1,921,150,2700
502,28.3866666666667,22.4225304775351,1.1,1.1,921,150,2700
503,28.4133333333333,22.4453092398984,1.1,1.1,921,150,2700
504,28.44,22.4681033576837,1.1,1.1,921,150,2700
505,28.4666666666667,22.4909127579772,1.1,1.1,921,150,2700
506,28.4933333333333,22.5137373678651,1.1,1.1,921,150,2700
507,28.52,22.5365771144337,1.1,1.1,921,150,2700
508,28.5466666666667,22.5594319247692,1.1,1.1,921,150,2700
509,28.5733333333333,22.5823017259579,1.1,1.1,921,150,2700
510,28.6,22.6051864450859,1.1,1.1,921,150,2700
511,28.6266666666667,22.6280860092396,1.1,1.1,921,150,2700
512,28.6533333333333,22.6510003455052,1.1,1.1,921,150,2700
513,28.68,22.6739293809689,1.1,1.1,921,150,2700
514,28.7066666666667,22.696873042717,1.1,1.1,921,150,2700
515,28.7333333333333,22.7198312578357,1.1,1.1,921,150,2700
516,28.76,22.7428039534113,1.1,1.1,921,150,2700
517,28.7866666666667,22.7657910565299,1.1,1.1,921,150,2700
518,28.8133333333333,22.7887924942778,1.1,1.1,921,150,2700
519,28.84,22.8118081937413,1.1,1.1,921,150,2700
520,28.8666666666667,22.8348380820067,1.1,1.1,921,150,2700
521,28.8933333333333,22.8578820861601,1.1,1.1,921,150,2700
522,28.92,22.8809401332878,1.1,1.1,921,150,2700
523,28.9466666666667,22.904012150476,1.1,1.1,921,150,2700
524,28.9733333333333,22.927098064811,1.1,1.1,921,150,2700
525,29,22.950197803379,1.1,1.1,921,150,2700
526,29.0266666666667,22.9733112932662,1.1,1.1,921,150,2700
527,29.0533333333333,22.996438461559,1.1,1.1,921,150,2700
528,29.08,23.0195792353435,1.1,1.1,921,150,2700
529,29.1066666666667,23.042733541706,1.1,1.1,921,150,2700
530,29.1333333333333,23.0659013077327,1.1,1.1,921,150,2700
531,29.16,23.0890824605099,1.1,1.1,921,150,2700
532,29.1866666666667,23.1122769271238,1.1,1.1,921,150,2700
533,29.2133333333333,23.1354846346606,1.1,1.1,921,150,2700
534,29.24,23.1587055102066,1.1,1.1,921,150,2700
535,29.2666666666667,23.181939480848,1.1,1.1,921,150,2700
536,29.2933333333333,23.2051864736712,1.1,1.1,921,150,2700
537,29.32,23.2284464157622,1.1,1.1,921,150,2700
538,29.3466666666667,23.2517192342073,1.1,1.1,921,150,2700
539,29.3733333333333,23.2750048560929,1.1,1.1,921,150,2700
540,29.4,23.2983032085051,1.1,1.1,921,150,2700
541,29.4266666666667,23.3216142185302,1.1,1.1,921,150,2700
542,29.4533333333333,23.3449378132544,1.1,1.1,921,150,2700
543,29.48,23.3682739197639,1.1,1.1,921,150,2700
544,29.5066666666667,23.3916224651451,1.1,1.1,921,150,2700
545,29.5333333333333,23.4149833764841,1.1,1.1,921,150,2700
546,29.56,23.4383565808671,1.1,1.1,921,150,2700
547,29.5866666666667,23.4617420053805,1.1,1.1,921,150,2700
548,29.6133333333333,23.4851395771105,1.1,1.1,921,150,2700
549,29.64,23.5085492231432,1.1,1.1,921,150,2700
550,29.6666666666667,23.531970870565,1.1,1.1,921,150,2700
551,29.6933333333333,23.5554044464621,1.1,1.1,921,150,2700
552,29.72,23.5788498779207,1.1,1.1,921,150,2700
553,29.7466666666667,23.6023070920271,1.1,1.1,921,150,2700
554,29.7733333333333,23.6257760158675,1.1,1.1,921,150,2700
555,29.8,23.6492565765281,1.1,1.1,921,150,2700
556,29.8266666666667,23.6727487010953,1.1,1.1,921,150,2700
557,29.8533333333333,23.6962523166551,1.1,1.1,921,150,2700
558,29.88,23.719767350294,1.1,1.1,921,150,2700
559,29.9066666666667,23.743293729098,1.1,1.1,921,150,2700
560,29.9333333333333,23.7668313801535,1.1,1.1,921,150,2700
561,29.96,23.7903802305467,1.1,1.1,921,150,2700
562,29.9866666666667,23.8139402073639,1.1,1.1,921,150,2700
563,30.0133333333333,23.8375112376912,1.1,1.1,921,150,2700
564,30.04,23.8610932486149,1.1,1.1,921,150,2700
565,30.0666666666667,23.8846861672213,1.1,1.1,921,150,2700
566,30.0933333333333,23.9082899205967,1.1,1.1,921,150,2700
567,30.12,23.9319044358271,1.1,1.1,921,150,2700
568,30.1466666666667,23.955529639999,1.1,1.1,921,150,2700
569,30.1733333333333,23.9791654601984,1.1,1.1,921,150,2700
570,30.2,24.0028118235117,1.1,1.1,921,150,2700
571,30.2266666666667,24.0264686570252,1.1,1.1,921,150,2700
572,30.2533333333333,24.050135887825,1.1,1.1,921,150,2700
573,30.28,24.0738134429974,1.1,1.1,921,150,2700
574,30.3066666666667,24.0975012496286,1.1,1.1,921,150,2700
575,30.3333333333333,24.1211992348049,1.1,1.1,921,150,2700
576,30.36,24.1449073256125,1.1,1.1,921,150,2700
577,30.3866666666667,24.1686254491376,1.1,1.1,921,150,2700
578,30.4133333333333,24.1923535324666,1.1,1.1,921,150,2700
579,30.44,24.2160915026856,1.1,1.1,921,150,2700
580,30.4666666666667,24.2398392868808,1.1,1.1,921,150,2700
581,30.4933333333333,24.2635968121386,1.1,1.1,921,150,2700
582,30.52,24.2873640055452,1.1,1.1,921,150,2700
583,30.5466666666667,24.3111407941867,1.1,1.1,921,150,2700
584,30.5733333333333,24.3349271051495,1.1,1.1,921,150,2700
585,30.6,24.3587228655198,1.1,1.1,921,150,2700
586,30.6266666666667,24.3825280023838,1.1,1.1,921,150,2700
587,30.6533333333333,24.4063424428277,1.1,1.1,921,150,2700
588,30.68,24.4301661139379,1.1,1.1,921,150,2700
589,30.7066666666667,24.4539989428005,1.1,1.1,921,150,2700
590,30.7333333333333,24.4778408565018,1.1,1.1,921,150,2700
591,30.76,24.5016917821281,1.1,1.1,921,150,2700
592,30.7866666666667,24.5255516467655,1.1,1.1,921,150,2700
593,30.8133333333333,24.5494203775003,1.1,1.1,921,150,2700
594,30.84,24.5732979014188,1.1,1.1,921,150,2700
595,30.8666666666667,24.5971841456072,1.1,1.1,921,150,2700
596,30.8933333333333,24.6210790371517,1.1,1.1,921,150,2700
597,30.92,24.6449825031386,1.1,1.1,921,150,2700
598,30.9466666666667,24.6688944706541,1.1,1.1,921,150,2700
599,30.9733333333333,24.6928148667845,1.1,1.1,921,150,2700
600,31,24.7167436186159,1.1,1.1,921,150,2700
601,31.0266666666667,24.7406806532347,1.1,1.1,921,150,2700
602,31.0533333333333,24.7646258977271,1.1,1.1,921,150,2700
603,31.08,24.7885792791794,1.1,1.1,921,150,2700
604,31.1066666666667,24.8125407246776,1.1,1.1,921,150,2700
605,31.1333333333333,24.8365101613082,1.1,1.1,921,150,2700
606,31.16,24.8604875161574,1.1,1.1,921,150,2700
607,31.1866666666667,24.8844727163113,1.1,1.1,921,150,2700
608,31.2133333333333,24.9084656888562,1.1,1.1,921,150,2700
609,31.24,24.9324663608785,1.1,1.1,921,150,2700
610,31.2666666666667,24.9564746594642,1.1,1.1,921,150,2700
611,31.2933333333333,24.9804905116997,1.1,1.1,921,150,2700
612,31.32,25.0045138446712,1.1,1.1,921,150,2700
613,31.3466666666667,25.0285445854649,1.1,1.1,921,150,2700
614,31.3733333333333,25.0525826611671,1.1,1.1,921,150,2700
615,31.4,25.076627998864,1.1,1.1,921,150,2700
616,31.4266666666667,25.1006805256419,1.1,1.1,921,150,2700
617,31.4533333333333,25.124740168587,1.1,1.1,921,150,2700
618,31.48,25.1488068547855,1.1,1.1,921,150,2700
619,31.5066666666667,25.1728805113237,1.1,1.1,921,150,2700
620,31.5333333333333,25.1969610652878,1.1,1.1,921,150,2700
621,31.56,25.2211033644296,1.1,1.1,921,150,2700
622,31.5866666666667,25.2453186101989,1.1,1.1,921,150,2700
623,31.6133333333333,25.2695434320483,1.1,1.1,921,150,2700
624,31.64,25.2937777801605,1.1,1.1,921,150,2700
625,31.6666666666667,25.3180216047181,1.1,1.1,921,150,2700
626,31.6933333333333,25.3422748559038,1.1,1.1,921,150,2700
627,31.72,25.3665374839002,1.1,1.1,921,150,2700
628,31.7466666666667,25.39080943889,1.1,1.1,921,150,2700
629,31.7733333333333,25.4150906710559,1.1,1.1,921,150,2700
630,31.8,25.4393811305806,1.1,1.1,921,150,2700
631,31.8266666666667,25.4636807676467,1.1,1.1,921,150,2700
632,31.8533333333333,25.4879895324369,1.1,1.1,921,150,2700
633,31.88,25.5123073751338,1.1,1.1,921,150,2700
634,31.9066666666667,25.5366342459201,1.1,1.1,921,150,2700
635,31.9333333333333,25.5609700949785,1.1,1.1,921,150,2700
636,31.96,25.5853148724917,1.1,1.1,921,150,2700
637,31.9866666666667,25.6096685286423,1.1,1.1,921,150,2700
638,32.0133333333333,25.6340310136129,1.1,1.1,921,150,2700
639,32.04,25.6584022775864,1.1,1.1,921,150,2700
640,32.0666666666667,25.6827822707452,1.1,1.1,921,150,2700
641,32.0933333333333,25.7071709432721,1.1,1.1,921,150,2700
642,32.12,25.7315682453498,1.1,1.1,921,150,2700
643,32.1466666666667,25.7559741271609,1.1,1.1,921,150,2700
644,32.1733333333333,25.780388538888,1.1,1.1,921,150,2700
645,32.2,25.804811430714,1.1,1.1,921,150,2700
646,32.2266666666667,25.8292427528213,1.1,1.1,921,150,2700
647,32.2533333333333,25.8536824553928,1.1,1.1,921,150,2700
648,32.28,25.8781304886109,1.1,1.1,921,150,2700
649,32.3066666666667,25.9025868026585,1.1,1.1,921,150,2700
650,32.3333333333333,25.9270513477182,1.1,1.1,921,150,2700
651,32.36,25.9515240739727,1.1,1.1,921,150,2700
652,32.3866666666667,25.9760049316045,1.1,1.1,921,150,2700
653,32.4133333333333,26.0004938707965,1.1,1.1,921,150,2700
654,32.44,26.0249908417312,1.1,1.1,921,150,2700
655,32.4666666666667,26.0494957945913,1.1,1.1,921,150,2700
656,32.4933333333333,26.0740086795595,1.1,1.1,921,150,2700
657,32.52,26.0985294468185,1.1,1.1,921,150,2700
658,32.5466666666667,26.1230580465509,1.1,1.1,921,150,2700
659,32.5733333333333,26.1475944289394,1.1,1.1,921,150,2700
660,32.6,26.1721385441666,1.1,1.1,921,150,2700
661,32.6266666666667,26.1966903424153,1.1,1.1,921,150,2700
662,32.6533333333333,26.221249773868,1.1,1.1,921,150,2700
663,32.68,26.2458167887075,1.1,1.1,921,150,2700
664,32.7066666666667,26.2703913371165,1.1,1.1,921,150,2700
665,32.7333333333333,26.2949733692775,1.1,1.1,921,150,2700
666,32.76,26.3195628353733,1.1,1.1,921,150,2700
667,32.7866666666667,26.3441596855865,1.1,1.1,921,150,2700
668,32.8133333333333,26.3687638700997,1.1,1.1,921,150,2700
669,32.84,26.3933753390958,1.1,1.1,921,150,2700
670,32.8666666666667,26.4179940427573,1.1,1.1,921,150,2700
671,32.8933333333333,26.4426199312668,1.1,1.1,921,150,2700
672,32.92,26.4672529548071,1.1,1.1,921,150,2700
673,32.9466666666667,26.4918930635609,1.1,1.1,921,150,2700
674,32.9733333333333,26.5165402077107,1.1,1.1,921,150,2700
675,33,26.5411943374393,1.1,1.1,921,150,2700
676,33.0266666666667,26.5658554029293,1.1,1.1,921,150,2700
677,33.0533333333333,26.5905233543635,1.1,1.1,921,150,2700
678,33.08,26.6151981419243,1.1,1.1,921,150,2700
679,33.1066666666667,26.6398797157946,1.1,1.1,921,150,2700
680,33.1333333333333,26.664568026157,1.1,1.1,921,150,2700
681,33.16,26.6892630231942,1.1,1.1,921,150,2700
682,33.1866666666667,26.7139646570888,1.1,1.1,921,150,2700
683,33.2133333333333,26.7386728780234,1.1,1.1,921,150,2700
684,33.24,26.7633876361809,1.1,1.1,921,150,2700
685,33.2666666666667,26.7881088817437,1.1,1.1,921,150,2700
686,33.2933333333333,26.8128365648947,1.1,1.1,921,150,2700
687,33.32,26.8375706358164,1.1,1.1,921,150,2700
688,33.3466666666667,26.8623110446916,1.1,1.1,921,150,2700
689,33.3733333333333,26.8870577417028,1.1,1.1,921,150,2700
690,33.4,26.9118106770328,1.1,1.1,921,150,2700
691,33.4266666666667,26.9365698008643,1.1,1.1,921,150,2700
692,33.4533333333333,26.9613350633798,1.1,1.1,921,150,2700
693,33.48,26.9861064147621,1.1,1.1,921,150,2700
694,33.5066666666667,27.0108838051938,1.1,1.1,921,150,2700
695,33.5333333333333,27.0356671848576,1.1,1.1,921,150,2700
696,33.56,27.0604565039362,1.1,1.1,921,150,2700
697,33.5866666666667,27.0852517126122,1.1,1.1,921,150,2700
698,33.6133333333333,27.1100527610684,1.1,1.1,921,150,2700
699,33.64,27.1348595994872,1.1,1.1,921,150,2700
700,33.6666666666667,27.1596721780515,1.1,1.1,921,150,2700
701,33.6933333333333,27.184490446944,1.1,1.1,921,150,2700
702,33.72,27.2093143563471,1.1,1.1,921,150,2700
703,33.7466666666667,27.2341438564437,1.1,1.1,921,150,2700
704,33.7733333333333,27.2589788974164,1.1,1.1,921,150,2700
705,33.8,27.2838194294479,1.1,1.1,921,150,2700
706,33.8266666666667,27.3086654027208,1.1,1.1,921,150,2700
707,33.8533333333333,27.3335167674178,1.1,1.1,921,150,2700
708,33.88,27.3583734737216,1.1,1.1,921,150,2700
709,33.9066666666667,27.3832354718148,1.1,1.1,921,150,2700
710,33.9333333333333,27.4081027118801,1.1,1.1,921,150,2700
711,33.96,27.4329751441001,1.1,1.1,921,150,2700
712,33.9866666666667,27.4578527186576,1.1,1.1,921,150,2700
713,34.0133333333333,27.4827353857352,1.1,1.1,921,150,2700
714,34.04,27.5076230955156,1.1,1.1,921,150,2700
715,34.0666666666667,27.5325157981814,1.1,1.1,921,150,2700
716,34.0933333333333,27.5574134439153,1.1,1.1,921,150,2700
717,34.12,27.5823159829,1.1,1.1,921,150,2700
718,34.1466666666667,27.6072233653181,1.1,1.1,921,150,2700
719,34.1733333333333,27.6321355413523,1.1,1.1,921,150,2700
720,34.2,27.6570524611853,1.1,1.1,921,150,2700
721,34.2266666666667,27.6819740749997,1.1,1.1,921,150,2700
722,34.2533333333333,27.7069003329782,1.1,1.1,921,150,2700
723,34.28,27.7318311853035,1.1,1.1,921,150,2700
724,34.3066666666667,27.7567665821582,1.1,1.1,921,150,2700
725,34.3333333333333,27.781706473725,1.1,1.1,921,150,2700
726,34.36,27.8066508101866,1.1,1.1,921,150,2700
727,34.3866666666667,27.8315995417257,1.1,1.1,921,150,2700
728,34.4133333333333,27.8565526185248,1.1,1.1,921,150,2700
729,34.44,27.8815099907667,1.1,1.1,921,150,2700
730,34.4666666666667,27.9064716086341,1.1,1.1,921,150,2700
731,34.4933333333333,27.9314374223095,1.1,1.1,921,150,2700
732,34.52,27.9564073819758,1.1,1.1,921,150,2700
733,34.5466666666667,27.9813814378154,1.1,1.1,921,150,2700
734,34.5733333333333,28.0063595400112,1.1,1.1,921,150,2700
735,34.6,28.0313416387457,1.1,1.1,921,150,2700
736,34.6266666666667,28.0563276842017,1.1,1.1,921,150,2700
737,34.6533333333333,28.0813176265618,1.1,1.1,921,150,2700
738,34.68,28.1063114160086,1.1,1.1,921,150,2700
739,34.7066666666667,28.1313090027249,1.1,1.1,921,150,2700
740,34.7333333333333,28.1563103368934,1.1,1.1,921,150,2700
741,34.76,28.1813153686965,1.1,1.1,921,150,2700
742,34.7866666666667,28.2063240483171,1.1,1.1,921,150,2700
743,34.8133333333333,28.2313363259379,1.1,1.1,921,150,2700
744,34.84,28.2563521517414,1.1,1.1,921,150,2700
745,34.8666666666667,28.2814196686553,1.1,1.1,921,150,2700
746,34.8933333333333,28.3065456754731,1.1,1.1,921,150,2700
747,34.92,28.3316775501081,1.1,1.1,921,150,2700
748,34.9466666666667,28.356815262423,1.1,1.1,921,150,2700
749,34.9733333333333,28.3819587822805,1.1,1.1,921,150,2700
750,35,28.4071080795434,1.1,1.1,921,150,2700
751,35.0266666666667,28.4322631240742,1.1,1.1,921,150,2700
752,35.0533333333333,28.4574238857358,1.1,1.1,921,150,2700
753,35.08,28.4825903343909,1.1,1.1,921,150,2700
754,35.1066666666667,28.5077624399021,1.1,1.1,921,150,2700
755,35.1333333333333,28.5329401721321,1.1,1.1,921,150,2700
756,35.16,28.5581235009437,1.1,1.1,921,150,2700
757,35.1866666666667,28.5833123961995,1.1,1.1,921,150,2700
758,35.2133333333333,28.6085068277623,1.1,1.1,921,150,2700
759,35.24,28.6337067654948,1.1,1.1,921,150,2700
760,35.2666666666667,28.6589121792596,1.1,1.1,921,150,2700
761,35.2933333333333,28.6841230389195,1.1,1.1,921,150,2700
762,35.32,28.7093393143372,1.1,1.1,921,150,2700
763,35.3466666666667,28.7345609753754,1.1,1.1,921,150,2700
764,35.3733333333333,28.7597879918967,1.1,1.1,921,150,2700
765,35.4,28.785020333764,1.1,1.1,921,150,2700
766,35.4266666666667,28.8102579708398,1.1,1.1,921,150,2700
767,35.4533333333333,28.8355008729869,1.1,1.1,921,150,2700
768,35.48,28.860749010068,1.1,1.1,921,150,2700
769,35.5066666666667,28.8860023519459,1.1,1.1,921,150,2700
770,35.5333333333333,28.9112608684831,1.1,1.1,921,150,2700
771,35.56,28.9365245295425,1.1,1.1,921,150,2700
772,35.5866666666667,28.9617933049866,1.1,1.1,921,150,2700
773,35.6133333333333,28.9870671646784,1.1,1.1,921,150,2700
774,35.64,29.0123460784803,1.1,1.1,921,150,2700
775,35.6666666666667,29.0376300162551,1.1,1.1,921,150,2700
776,35.6933333333333,29.0629189478656,1.1,1.1,921,150,2700
777,35.72,29.0882128431745,1.1,1.1,921,150,2700
778,35.7466666666667,29.1135116720444,1.1,1.1,921,150,2700
779,35.7733333333333,29.138815404338,1.1,1.1,921,150,2700
780,35.8,29.1641240099181,1.1,1.1,921,150,2700
781,35.8266666666667,29.1894374586474,1.1,1.1,921,150,2700
782,35.8533333333333,29.2147557203885,1.1,1.1,921,150,2700
783,35.88,29.2400787650041,1.1,1.1,921,150,2700
784,35.9066666666667,29.2654065623571,1.1,1.1,921,150,2700
785,35.9333333333333,29.29073908231,1.1,1.1,921,150,2700
786,35.96,29.3160762947256,1.1,1.1,921,150,2700
787,35.9866666666667,29.3414181694666,1.1,1.1,921,150,2700
788,36.0133333333333,29.3667646763957,1.1,1.1,921,150,2700
789,36.04,29.3921157853756,1.1,1.1,921,150,2700
790,36.0666666666667,29.417471466269,1.1,1.1,921,150,2700
791,36.0933333333333,29.4428316889385,1.1,1.1,921,150,2700
792,36.12,29.468196423247,1.1,1.1,921,150,2700
793,36.1466666666667,29.4935656390571,1.1,1.1,921,150,2700
794,36.1733333333333,29.5189393062315,1.1,1.1,921,150,2700
795,36.2,29.5443173946329,1.1,1.1,921,150,2700
796,36.2266666666667,29.5696998741241,1.1,1.1,921,150,2700
797,36.2533333333333,29.5950867145677,1.1,1.1,921,150,2700
798,36.28,29.6204778858264,1.1,1.1,921,150,2700
799,36.3066666666667,29.6458733577629,1.1,1.1,921,150,2700
800,36.3333333333333,29.67127310024,1.1,1.1,921,150,2700
801,36.36,29.6966770831203,1.1,1.1,921,150,2700
802,36.3866666666667,29.7220852762666,1.1,1.1,921,150,2700
803,36.4133333333333,29.7474976495415,1.1,1.1,921,150,2700
804,36.44,29.7729141728078,1.1,1.1,921,150,2700
805,36.4666666666667,29.7983348159282,1.1,1.1,921,150,2700
806,36.4933333333333,29.8237595487653,1.1,1.1,921,150,2700
807,36.52,29.8491883411819,1.1,1.1,921,150,2700
808,36.5466666666667,29.8746211630407,1.1,1.1,921,150,2700
809,36.5733333333333,29.9000579842043,1.1,1.1,921,150,2700
810,36.6,29.9254987745356,1.1,1.1,921,150,2700
811,36.6266666666667,29.9509435038971,1.1,1.1,921,150,2700
812,36.6533333333333,29.9763921421516,1.1,1.1,921,150,2700
813,36.68,30.0018446591618,1.1,1.1,921,150,2700
814,36.7066666666667,30.0273010247904,1.1,1.1,921,150,2700
815,36.7333333333333,30.0527612089001,1.1,1.1,921,150,2700
816,36.76,30.0782251813537,1.1,1.1,921,150,2700
817,36.7866666666667,30.1036929120137,1.1,1.1,921,150,2700
818,36.8133333333333,30.129164370743,1.1,1.1,921,150,2700
819,36.84,30.1546395274042,1.1,1.1,921,150,2700
820,36.8666666666667,30.18011835186,1.1,1.1,921,150,2700
821,36.8933333333333,30.2056008139731,1.1,1.1,921,150,2700
822,36.92,30.2310868836063,1.1,1.1,921,150,2700
823,36.9466666666667,30.2565765306222,1.1,1.1,921,150,2700
824,36.9733333333333,30.2820697248836,1.1,1.1,921,150,2700
825,37,30.3075664362531,1.1,1.1,921,150,2700
826,37.0266666666667,30.3330666345935,1.1,1.1,921,150,2700
827,37.0533333333333,30.3585702897674,1.1,1.1,921,150,2700
828,37.08,30.3840773716376,1.1,1.1,921,150,2700
829,37.1066666666667,30.4095878500668,1.1,1.1,921,150,2700
830,37.1333333333333,30.4351016949176,1.1,1.1,921,150,2700
831,37.16,30.4606188760528,1.1,1.1,921,150,2700
832,37.1866666666667,30.4861393633351,1.1,1.1,921,150,2700
833,37.2133333333333,30.5116631266271,1.1,1.1,921,150,2700
834,37.24,30.5371901357917,1.1,1.1,921,150,2700
835,37.2666666666667,30.5627203606915,1.1,1.1,921,150,2700
836,37.2933333333333,30.5882537711891,1.1,1.1,921,150,2700
837,37.32,30.6137903371473,1.1,1.1,921,150,2700
838,37.3466666666667,30.6393300284289,1.1,1.1,921,150,2700
839,37.3733333333333,30.6648728148965,1.1,1.1,921,150,2700
840,37.4,30.6904186664127,1.1,1.1,921,150,2700
841,37.4266666666667,30.7159675528404,1.1,1.1,921,150,2700
842,37.4533333333333,30.7415194440422,1.1,1.1,921,150,2700
843,37.48,30.7670743098809,1.1,1.1,921,150,2700
844,37.5066666666667,30.7926321202191,1.1,1.1,921,150,2700
845,37.5333333333333,30.8181928449195,1.1,1.1,921,150,2700
846,37.56,30.8437564538448,1.1,1.1,921,150,2700
847,37.5866666666667,30.8693229168578,1.1,1.1,921,150,2700
848,37.6133333333333,30.8948922038212,1.1,1.1,921,150,2700
849,37.64,30.9204642845976,1.1,1.1,921,150,2700
850,37.6666666666667,30.9460391290497,1.1,1.1,921,150,2700
851,37.6933333333333,30.9716167070404,1.1,1.1,921,150,2700
852,37.72,30.9971969884321,1.1,1.1,921,150,2700
853,37.7466666666667,31.0227799430878,1.1,1.1,921,150,2700
854,37.7733333333333,31.04836554087,1.1,1.1,921,150,2700
855,37.8,31.0739537516415,1.1,1.1,921,150,2700
856,37.8266666666667,31.099544545265,1.1,1.1,921,150,2700
857,37.8533333333333,31.1251378916032,1.1,1.1,921,150,2700
858,37.88,31.1507337605188,1.1,1.1,921,150,2700
859,37.9066666666667,31.1763321218745,1.1,1.1,921,150,2700
860,37.9333333333333,31.2019329455329,1.1,1.1,921,150,2700
861,37.96,31.2275362013569,1.1,1.1,921,150,2700
862,37.9866666666667,31.2531418592091,1.1,1.1,921,150,2700
863,38.0133333333333,31.2787498889522,1.1,1.1,921,150,2700
864,38.04,31.3043602604489,1.1,1.1,921,150,2700
865,38.0666666666667,31.329972943562,1.1,1.1,921,150,2700
866,38.0933333333333,31.355587908154,1.1,1.1,921,150,2700
867,38.12,31.3812051240878,1.1,1.1,921,150,2700
868,38.1466666666667,31.4068245612261,1.1,1.1,921,150,2700
869,38.1733333333333,31.4324778331503,1.1,1.1,921,150,2700
870,38.2,31.4581675193939,1.1,1.1,921,150,2700
871,38.2266666666667,31.4838609121726,1.1,1.1,921,150,2700
872,38.2533333333333,31.5095579939074,1.1,1.1,921,150,2700
873,38.28,31.535258747019,1.1,1.1,921,150,2700
874,38.3066666666667,31.5609631539285,1.1,1.1,921,150,2700
875,38.3333333333333,31.5866711970567,1.1,1.1,921,150,2700
876,38.36,31.6123828588246,1.1,1.1,921,150,2700
877,38.3866666666667,31.6380981216531,1.1,1.1,921,150,2700
878,38.4133333333333,31.663816967963,1.1,1.1,921,150,2700
879,38.44,31.6895393801752,1.1,1.1,921,150,2700
880,38.4666666666667,31.7152653407108,1.1,1.1,921,150,2700
881,38.4933333333333,31.7409948319905,1.1,1.1,921,150,2700
882,38.52,31.7667278364354,1.1,1.1,921,150,2700
883,38.5466666666667,31.7924643364662,1.1,1.1,921,150,2700
884,38.5733333333333,31.818204314504,1.1,1.1,921,150,2700
885,38.6,31.8439477529696,1.1,1.1,921,150,2700
886,38.6266666666667,31.8696946342839,1.1,1.1,921,150,2700
887,38.6533333333333,31.8954449408678,1.1,1.1,921,150,2700
888,38.68,31.9211986551423,1.1,1.1,921,150,2700
889,38.7066666666667,31.9469557595283,1.1,1.1,921,150,2700
890,38.7333333333333,31.9727162364466,1.1,1.1,921,150,2700
891,38.76,31.9984800683181,1.1,1.1,921,150,2700
892,38.7866666666667,32.0242472375639,1.1,1.1,921,150,2700
893,38.8133333333333,32.0500177266047,1.1,1.1,921,150,2700
894,38.84,32.0757915178615,1.1,1.1,921,150,2700
895,38.8666666666667,32.1015685937553,1.1,1.1,921,150,2700
896,38.8933333333333,32.1273489367068,1.1,1.1,921,150,2700
897,38.92,32.153132529137,1.1,1.1,921,150,2700
898,38.9466666666667,32.1789193534669,1.1,1.1,921,150,2700
899,38.9733333333333,32.2047093921173,1.1,1.1,921,150,2700
900,39,32.2305026275092,1.1,1.1,921,150,2700
901,39.0266666666667,32.2562990420634,1.1,1.1,921,150,2700
902,39.0533333333333,32.2820986182008,1.1,1.1,921,150,2700
903,39.08,32.3079013383424,1.1,1.1,921,150,2700
904,39.1066666666667,32.3337071849091,1.1,1.1,921,150,2700
905,39.1333333333333,32.3595161403218,1.1,1.1,921,150,2700
906,39.16,32.3853281870013,1.1,1.1,921,150,2700
907,39.1866666666667,32.4111433073686,1.1,1.1,921,150,2700
908,39.2133333333333,32.4369614838447,1.1,1.1,921,150,2700
909,39.24,32.4627826988503,1.1,1.1,921,150,2700
910,39.2666666666667,32.4886069348065,1.1,1.1,921,150,2700
911,39.2933333333333,32.5144341741341,1.1,1.1,921,150,2700
912,39.32,32.540264399254,1.1,1.1,921,150,2700
913,39.3466666666667,32.5660975925872,1.1,1.1,921,150,2700
914,39.3733333333333,32.5919337365545,1.1,1.1,921,150,2700
915,39.4,32.6177728135769,1.1,1.1,921,150,2700
916,39.4266666666667,32.6436148060753,1.1,1.1,921,150,2700
917,39.4533333333333,32.6694596964705,1.1,1.1,921,150,2700
918,39.48,32.6953074671835,1.1,1.1,921,150,2700
919,39.5066666666667,32.7211581006352,1.1,1.1,921,150,2700
920,39.5333333333333,32.7470115792465,1.1,1.1,921,150,2700
921,39.56,32.7728678854383,1.1,1.1,921,150,2700
922,39.5866666666667,32.7987270016315,1.1,1.1,921,150,2700
923,39.6133333333333,32.824588910247,1.1,1.1,921,150,2700
924,39.64,32.8504535937058,1.1,1.1,921,150,2700
925,39.6666666666667,32.8763210344287,1.1,1.1,921,150,2700
926,39.6933333333333,32.9021912148366,1.1,1.1,921,150,2700
927,39.72,32.9280641173505,1.1,1.1,921,150,2700
928,39.7466666666667,32.9539397243913,1.1,1.1,921,150,2700
929,39.7733333333333,32.9798180183798,1.1,1.1,921,150,2700
930,39.8,33.005698981737,1.1,1.1,921,150,2700
931,39.8266666666667,33.0315825968838,1.1,1.1,921,150,2700
932,39.8533333333333,33.0574688462411,1.1,1.1,921,150,2700
933,39.88,33.0833577122297,1.1,1.1,921,150,2700
934,39.9066666666667,33.1092491772707,1.1,1.1,921,150,2700
935,39.9333333333333,33.1351432237849,1.1,1.1,921,150,2700
936,39.96,33.1610398341932,1.1,1.1,921,150,2700
937,39.9866666666667,33.1869389909166,1.1,1.1,921,150,2700
938,40.0133333333333,33.2128406763759,1.1,1.1,921,150,2700
939,40.04,33.238744872992,1.1,1.1,921,150,2700
940,40.0666666666667,33.2646515631859,1.1,1.1,921,150,2700
941,40.0933333333333,33.2905607293785,1.1,1.1,921,150,2700
942,40.12,33.3164723539906,1.1,1.1,921,150,2700
943,40.1466666666667,33.3423864194433,1.1,1.1,921,150,2700
944,40.1733333333333,33.3683029081573,1.1,1.1,921,150,2700
945,40.2,33.3942218025536,1.1,1.1,921,150,2700
946,40.2266666666667,33.4201430850531,1.1,1.1,921,150,2700
947,40.2533333333333,33.4460667380767,1.1,1.1,921,150,2700
948,40.28,33.4719927440453,1.1,1.1,921,150,2700
949,40.3066666666667,33.4979210853799,1.1,1.1,921,150,2700
950,40.3333333333333,33.5238517445012,1.1,1.1,921,150,2700
951,40.36,33.5497847038304,1.1,1.1,921,150,2700
952,40.3866666666667,33.5757199457882,1.1,1.1,921,150,2700
953,40.4133333333333,33.6016574527955,1.1,1.1,921,150,2700
954,40.44,33.6275972072733,1.1,1.1,921,150,2700
955,40.4666666666667,33.6535391916425,1.1,1.1,921,150,2700
956,40.4933333333333,33.6794833883239,1.1,1.1,921,150,2700
957,40.52,33.7054297797386,1.1,1.1,921,150,2700
958,40.5466666666667,33.7313783483074,1.1,1.1,921,150,2700
959,40.5733333333333,33.7573290764511,1.1,1.1,921,150,2700
960,40.6,33.7832819465908,1.1,1.1,921,150,2700
961,40.6266666666667,33.8092369411473,1.1,1.1,921,150,2700
962,40.6533333333333,33.8351940425415,1.1,1.1,921,150,2700
963,40.68,33.8611532331943,1.1,1.1,921,150,2700
964,40.7066666666667,33.8871144955267,1.1,1.1,921,150,2700
965,40.7333333333333,33.9130778119596,1.1,1.1,921,150,2700
966,40.76,33.9390431649138,1.1,1.1,921,150,2700
967,40.7866666666667,33.9650105368103,1.1,1.1,921,150,2700
968,40.8133333333333,33.99097991007,1.1,1.1,921,150,2700
969,40.84,34.0169512671137,1.1,1.1,921,150,2700
970,40.8666666666667,34.0429245903625,1.1,1.1,921,150,2700
971,40.8933333333333,34.0688998622371,1.1,1.1,921,150,2700
972,40.92,34.0948770651585,1.1,1.1,921,150,2700
973,40.9466666666667,34.1208561815477,1.1,1.1,921,150,2700
974,40.9733333333333,34.1468371938255,1.1,1.1,921,150,2700
975,41,34.1728200844128,1.1,1.1,921,150,2700
976,41.0266666666667,34.1988048357306,1.1,1.1,921,150,2700
977,41.0533333333333,34.2247914301997,1.1,1.1,921,150,2700
978,41.08,34.2507798502411,1.1,1.1,921,150,2700
979,41.1066666666667,34.2767700782756,1.1,1.1,921,150,2700
980,41.1333333333333,34.3027620967242,1.1,1.1,921,150,2700
981,41.16,34.3287558880078,1.1,1.1,921,150,2700
982,41.1866666666667,34.3547514345472,1.1,1.1,921,150,2700
983,41.2133333333333,34.3807487187635,1.1,1.1,921,150,2700
984,41.24,34.4067477230775,1.1,1.1,921,150,2700
985,41.2666666666667,34.43274842991,1.1,1.1,921,150,2700
986,41.2933333333333,34.4587508216821,1.1,1.1,921,150,2700
987,41.32,34.4847548808147,1.1,1.1,921,150,2700
988,41.3466666666667,34.5107605897285,1.1,1.1,921,150,2700
989,41.3733333333333,34.5367679308446,1.1,1.1,921,150,2700
990,41.4,34.5627768865839,1.1,1.1,921,150,2700
991,41.4266666666667,34.5887874393672,1.1,1.1,921,150,2700
992,41.4533333333333,34.6147995716154,1.1,1.1,921,150,2700
993,41.48,34.6408308360815,1.1,1.1,921,150,2700
994,41.5066666666667,34.6668816734294,1.1,1.1,921,150,2700
995,41.5333333333333,34.6929348885673,1.1,1.1,921,150,2700
996,41.56,34.7189904706982,1.1,1.1,921,150,2700
997,41.5866666666667,34.7450484090249,1.1,1.1,921,150,2700
998,41.6133333333333,34.7711086927503,1.1,1.1,921,150,2700
999,41.64,34.7971713110773,1.1,1.1,921,150,2700
1000,41.6666666666667,34.8232362532088,1.1,1.1,921,150,2700
1001,41.6933333333333,34.8493035083477,1.1,1.1,921,150,2700
1002,41.72,34.8753730656968,1.1,1.1,921,150,2700
1003,41.7466666666667,34.9014449144591,1.1,1.1,921,150,2700
1004,41.7733333333333,34.9275190438373,1.1,1.1,921,150,2700
1005,41.8,34.9535954430345,1.1,1.1,921,150,2700
1006,41.8266666666667,34.9796741012535,1.1,1.1,921,150,2700
1007,41.8533333333333,35.0057550076972,1.1,1.1,921,150,2700
1008,41.88,35.0318381515684,1.1,1.1,921,150,2700
1009,41.9066666666667,35.05792352207,1.1,1.1,921,150,2700
1010,41.9333333333333,35.084011108405,1.1,1.1,921,150,2700
1011,41.96,35.1101008997762,1.1,1.1,921,150,2700
1012,41.9866666666667,35.1361928853865,1.1,1.1,921,150,2700
1013,42.0133333333333,35.1622870544388,1.1,1.1,921,150,2700
1014,42.04,35.1883833961359,1.1,1.1,921,150,2700
1015,42.0666666666667,35.2144818996808,1.1,1.1,921,150,2700
1016,42.0933333333333,35.2405825542763,1.1,1.1,921,150,2700
1017,42.12,35.2666853491253,1.1,1.1,921,150,2700
1018,42.1466666666667,35.2927902734308,1.1,1.1,921,150,2700
1019,42.1733333333333,35.3188973163955,1.1,1.1,921,150,2700
1020,42.2,35.3450064672224,1.1,1.1,921,150,2700
1021,42.2266666666667,35.3711177151143,1.1,1.1,921,150,2700
1022,42.2533333333333,35.3972310492742,1.1,1.1,921,150,2700
1023,42.28,35.4233464589049,1.1,1.1,921,150,2700
1024,42.3066666666667,35.4494639332093,1.1,1.1,921,150,2700
1025,42.3333333333333,35.4755834613903,1.1,1.1,921,150,2700
1026,42.36,35.5017050326508,1.1,1.1,921,150,2700
1027,42.3866666666667,35.5278286361936,1.1,1.1,921,150,2700
1028,42.4133333333333,35.5539542612217,1.1,1.1,921,150,2700
1029,42.44,35.5800818969379,1.1,1.1,921,150,2700
1030,42.4666666666667,35.6062115325451,1.1,1.1,921,150,2700
1031,42.4933333333333,35.6323431572463,1.1,1.1,921,150,2700
1032,42.52,35.6584767602442,1.1,1.1,921,150,2700
1033,42.5466666666667,35.6846123307417,1.1,1.1,921,150,2700
1034,42.5733333333333,35.7107498579419,1.1,1.1,921,150,2700
1035,42.6,35.7368893310474,1.1,1.1,921,150,2700
1036,42.6266666666667,35.7630307392613,1.1,1.1,921,150,2700
1037,42.6533333333333,35.7891740717864,1.1,1.1,921,150,2700
1038,42.68,35.8153193178255,1.1,1.1,921,150,2700
1039,42.7066666666667,35.8414664665817,1.1,1.1,921,150,2700
1040,42.7333333333333,35.8676155072577,1.1,1.1,921,150,2700
1041,42.76,35.8937664290564,1.1,1.1,921,150,2700
1042,42.7866666666667,35.9199192211808,1.1,1.1,921,150,2700
1043,42.8133333333333,35.9460738728336,1.1,1.1,921,150,2700
1044,42.84,35.9722303732179,1.1,1.1,921,150,2700
1045,42.8666666666667,35.9983887115364,1.1,1.1,921,150,2700
1046,42.8933333333333,36.0245488769921,1.1,1.1,921,150,2700
1047,42.92,36.0507108587879,1.1,1.1,921,150,2700
1048,42.9466666666667,36.0768746461265,1.1,1.1,921,150,2700
1049,42.9733333333333,36.103040228211,1.1,1.1,921,150,2700
1050,43,36.1292075942442,1.1,1.1,921,150,2700
1051,43.0266666666667,36.155376733429,1.1,1.1,921,150,2700
1052,43.0533333333333,36.1815476349682,1.1,1.1,921,150,2700
1053,43.08,36.2077202880648,1.1,1.1,921,150,2700
1054,43.1066666666667,36.2338946819217,1.1,1.1,921,150,2700
1055,43.1333333333333,36.2600708057416,1.1,1.1,921,150,2700
1056,43.16,36.2862486487276,1.1,1.1,921,150,2700
1057,43.1866666666667,36.3124282000824,1.1,1.1,921,150,2700
1058,43.2133333333333,36.338609449009,1.1,1.1,921,150,2700
1059,43.24,36.3647923847103,1.1,1.1,921,150,2700
1060,43.2666666666667,36.3909769963891,1.1,1.1,921,150,2700
1061,43.2933333333333,36.4171632732484,1.1,1.1,921,150,2700
1062,43.32,36.4433512044909,1.1,1.1,921,150,2700
1063,43.3466666666667,36.4695407793197,1.1,1.1,921,150,2700
1064,43.3733333333333,36.4957319869375,1.1,1.1,921,150,2700
1065,43.4,36.5219248165473,1.1,1.1,921,150,2700
1066,43.4266666666667,36.5481192573519,1.1,1.1,921,150,2700
1067,43.4533333333333,36.5743152985543,1.1,1.1,921,150,2700
1068,43.48,36.6005129293573,1.1,1.1,921,150,2700
1069,43.5066666666667,36.6267121389638,1.1,1.1,921,150,2700
1070,43.5333333333333,36.6529129165766,1.1,1.1,921,150,2700
1071,43.56,36.6791152513988,1.1,1.1,921,150,2700
1072,43.5866666666667,36.7053191326331,1.1,1.1,921,150,2700
1073,43.6133333333333,36.7315245494824,1.1,1.1,921,150,2700
1074,43.64,36.7577314911497,1.1,1.1,921,150,2700
1075,43.6666666666667,36.7839399468377,1.1,1.1,921,150,2700
1076,43.6933333333333,36.8101499057495,1.1,1.1,921,150,2700
1077,43.72,36.8363613570878,1.1,1.1,921,150,2700
1078,43.7466666666667,36.8625742900556,1.1,1.1,921,150,2700
1079,43.7733333333333,36.8887886938558,1.1,1.1,921,150,2700
1080,43.8,36.9150045576911,1.1,1.1,921,150,2700
1081,43.8266666666667,36.9412218707646,1.1,1.1,921,150,2700
1082,43.8533333333333,36.9674406222791,1.1,1.1,921,150,2700
1083,43.88,36.9936608014374,1.1,1.1,921,150,2700
1084,43.9066666666667,37.0198823974425,1.1,1.1,921,150,2700
1085,43.9333333333333,37.0461053994973,1.1,1.1,921,150,2700
1086,43.96,37.0723297968046,1.1,1.1,921,150,2700
1087,43.9866666666667,37.0985555785673,1.1,1.1,921,150,2700
1088,44.0133333333333,37.1247827339883,1.1,1.1,921,150,2700
1089,44.04,37.1510112522706,1.1,1.1,921,150,2700
1090,44.0666666666667,37.1772411226168,1.1,1.1,921,150,2700
1091,44.0933333333333,37.2034723342301,1.1,1.1,921,150,2700
1092,44.12,37.2297048763131,1.1,1.1,921,150,2700
1093,44.1466666666667,37.2559387380689,1.1,1.1,921,150,2700
1094,44.1733333333333,37.2821739087004,1.1,1.1,921,150,2700
1095,44.2,37.3084103774103,1.1,1.1,921,150,2700
1096,44.2266666666667,37.3346481334015,1.1,1.1,921,150,2700
1097,44.2533333333333,37.3608871658771,1.1,1.1,921,150,2700
1098,44.28,37.3871274640398,1.1,1.1,921,150,2700
1099,44.3066666666667,37.4133690170925,1.1,1.1,921,150,2700
1100,44.3333333333333,37.4396118142381,1.1,1.1,921,150,2700
1101,44.36,37.4658558446795,1.1,1.1,921,150,2700
1102,44.3866666666667,37.4921010976196,1.1,1.1,921,150,2700
1103,44.4133333333333,37.5183475622613,1.1,1.1,921,150,2700
1104,44.44,37.5445952278074,1.1,1.1,921,150,2700
1105,44.4666666666667,37.5708440834609,1.1,1.1,921,150,2700
1106,44.4933333333333,37.5970941184246,1.1,1.1,921,150,2700
1107,44.52,37.6233453219014,1.1,1.1,921,150,2700
1108,44.5466666666667,37.6495976830941,1.1,1.1,921,150,2700
1109,44.5733333333333,37.6758511912058,1.1,1.1,921,150,2700
1110,44.6,37.7021058354392,1.1,1.1,921,150,2700
1111,44.6266666666667,37.7283616049972,1.1,1.1,921,150,2700
1112,44.6533333333333,37.7546184890828,1.1,1.1,921,150,2700
1113,44.68,37.7808764768988,1.1,1.1,921,150,2700
1114,44.7066666666667,37.8071355576481,1.1,1.1,921,150,2700
1115,44.7333333333333,37.8333957205335,1.1,1.1,921,150,2700
1116,44.76,37.859656954758,1.1,1.1,921,150,2700
1117,44.7866666666667,37.8859445482093,1.1,1.1,921,150,2700
1118,44.8133333333333,37.9122573631845,1.1,1.1,921,150,2700
1119,44.84,37.9385718293,1.1,1.1,921,150,2700
1120,44.8666666666667,37.9648879382842,1.1,1.1,921,150,2700
1121,44.8933333333333,37.9912056818653,1.1,1.1,921,150,2700
1122,44.92,38.0175250517717,1.1,1.1,921,150,2700
1123,44.9466666666667,38.0438460397316,1.1,1.1,921,150,2700
1124,44.9733333333333,38.0701686374733,1.1,1.1,921,150,2700
1125,45,38.0964928367252,1.1,1.1,921,150,2700
1126,45.0266666666667,38.1228186292156,1.1,1.1,921,150,2700
1127,45.0533333333333,38.1491460066727,1.1,1.1,921,150,2700
1128,45.08,38.1754749608249,1.1,1.1,921,150,2700
1129,45.1066666666667,38.2018054834004,1.1,1.1,921,150,2700
1130,45.1333333333333,38.2281375661276,1.1,1.1,921,150,2700
1131,45.16,38.2544712007347,1.1,1.1,921,150,2700
1132,45.1866666666667,38.2808063789501,1.1,1.1,921,150,2700
1133,45.2133333333333,38.3071430925021,1.1,1.1,921,150,2700
1134,45.24,38.3334813331189,1.1,1.1,921,150,2700
1135,45.2666666666667,38.3598210925289,1.1,1.1,921,150,2700
1136,45.2933333333333,38.3861623624604,1.1,1.1,921,150,2700
1137,45.32,38.4125051346416,1.1,1.1,921,150,2700
1138,45.3466666666667,38.438849400801,1.1,1.1,921,150,2700
1139,45.3733333333333,38.4651951526667,1.1,1.1,921,150,2700
1140,45.4,38.491542381967,1.1,1.1,921,150,2700
1141,45.4266666666667,38.5178910804304,1.1,1.1,921,150,2700
1142,45.4533333333333,38.544241239785,1.1,1.1,921,150,2700
1143,45.48,38.5705928517593,1.1,1.1,921,150,2700
1144,45.5066666666667,38.5969459080814,1.1,1.1,921,150,2700
1145,45.5333333333333,38.6233004004796,1.1,1.1,921,150,2700
1146,45.56,38.6496563206824,1.1,1.1,921,150,2700
1147,45.5866666666667,38.676013660418,1.1,1.1,921,150,2700
1148,45.6133333333333,38.7023724114147,1.1,1.1,921,150,2700
1149,45.64,38.7287325654007,1.1,1.1,921,150,2700
1150,45.6666666666667,38.7550941141045,1.1,1.1,921,150,2700
1151,45.6933333333333,38.7814570492543,1.1,1.1,921,150,2700
1152,45.72,38.8078213625783,1.1,1.1,921,150,2700
1153,45.7466666666667,38.834187045805,1.1,1.1,921,150,2700
1154,45.7733333333333,38.8605540906626,1.1,1.1,921,150,2700
1155,45.8,38.8869224888793,1.1,1.1,921,150,2700
1156,45.8266666666667,38.9132922321836,1.1,1.1,921,150,2700
1157,45.8533333333333,38.9396633123037,1.1,1.1,921,150,2700
1158,45.88,38.9660357209679,1.1,1.1,921,150,2700
1159,45.9066666666667,38.9924094499045,1.1,1.1,921,150,2700
1160,45.9333333333333,39.0187844908418,1.1,1.1,921,150,2700
1161,45.96,39.0451608355082,1.1,1.1,921,150,2700
1162,45.9866666666667,39.0715384756319,1.1,1.1,921,150,2700
1163,46.0133333333333,39.0979174029411,1.1,1.1,921,150,2700
1164,46.04,39.1242976091644,1.1,1.1,921,150,2700
1165,46.0666666666667,39.1506790860298,1.1,1.1,921,150,2700
1166,46.0933333333333,39.1770618252658,1.1,1.1,921,150,2700
1167,46.12,39.2034458186005,1.1,1.1,921,150,2700
1168,46.1466666666667,39.2298310577625,1.1,1.1,921,150,2700
1169,46.1733333333333,39.2562175344798,1.1,1.1,921,150,2700
1170,46.2,39.2826052404809,1.1,1.1,921,150,2700
1171,46.2266666666667,39.308994167494,1.1,1.1,921,150,2700
1172,46.2533333333333,39.3353843072475,1.1,1.1,921,150,2700
1173,46.28,39.3617756514696,1.1,1.1,921,150,2700
1174,46.3066666666667,39.3881681918886,1.1,1.1,921,150,2700
1175,46.3333333333333,39.4145619202329,1.1,1.1,921,150,2700
1176,46.36,39.4409568282308,1.1,1.1,921,150,2700
1177,46.3866666666667,39.4673529076104,1.1,1.1,921,150,2700
1178,46.4133333333333,39.4937501501003,1.1,1.1,921,150,2700
1179,46.44,39.5201485474286,1.1,1.1,921,150,2700
1180,46.4666666666667,39.5465480913236,1.1,1.1,921,150,2700
1181,46.4933333333333,39.5729487735137,1.1,1.1,921,150,2700
1182,46.52,39.5993505857271,1.1,1.1,921,150,2700
1183,46.5466666666667,39.6257535196922,1.1,1.1,921,150,2700
1184,46.5733333333333,39.6521575671373,1.1,1.1,921,150,2700
1185,46.6,39.6785627197906,1.1,1.1,921,150,2700
1186,46.6266666666667,39.7049689693805,1.1,1.1,921,150,2700
1187,46.6533333333333,39.7313763076352,1.1,1.1,921,150,2700
1188,46.68,39.7577847262832,1.1,1.1,921,150,2700
1189,46.7066666666667,39.7841942170526,1.1,1.1,921,150,2700
1190,46.7333333333333,39.8106047716717,1.1,1.1,921,150,2700
1191,46.76,39.837016381869,1.1,1.1,921,150,2700
1192,46.7866666666667,39.8634290393726,1.1,1.1,921,150,2700
1193,46.8133333333333,39.8898427359109,1.1,1.1,921,150,2700
1194,46.84,39.9162574632121,1.1,1.1,921,150,2700
1195,46.8666666666667,39.9426732130047,1.1,1.1,921,150,2700
1196,46.8933333333333,39.9690899770168,1.1,1.1,921,150,2700
1197,46.92,39.9955077469768,1.1,1.1,921,150,2700
1198,46.9466666666667,40.021926514613,1.1,1.1,921,150,2700
1199,46.9733333333333,40.0483462716537,1.1,1.1,921,150,2700
1200,47,40.0747670098272,1.1,1.1,921,150,2700
1201,47.0266666666667,40.1011887208618,1.1,1.1,921,150,2700
1202,47.0533333333333,40.1276113964857,1.1,1.1,921,150,2700
1203,47.08,40.1540350284274,1.1,1.1,921,150,2700
1204,47.1066666666667,40.1804596084151,1.1,1.1,921,150,2700
1205,47.1333333333333,40.206885128177,1.1,1.1,921,150,2700
1206,47.16,40.2333115794416,1.1,1.1,921,150,2700
1207,47.1866666666667,40.2597389539371,1.1,1.1,921,150,2700
1208,47.2133333333333,40.2861672433917,1.1,1.1,921,150,2700
1209,47.24,40.3125964395339,1.1,1.1,921,150,2700
1210,47.2666666666667,40.3390265340919,1.1,1.1,921,150,2700
1211,47.2933333333333,40.365457518794,1.1,1.1,921,150,2700
1212,47.32,40.3918893853685,1.1,1.1,921,150,2700
1213,47.3466666666667,40.4183221255437,1.1,1.1,921,150,2700
1214,47.3733333333333,40.444755731048,1.1,1.1,921,150,2700
1215,47.4,40.4711901936095,1.1,1.1,921,150,2700
1216,47.4266666666667,40.4976255049567,1.1,1.1,921,150,2700
1217,47.4533333333333,40.5240616568178,1.1,1.1,921,150,2700
1218,47.48,40.5504986409211,1.1,1.1,921,150,2700
1219,47.5066666666667,40.576936448995,1.1,1.1,921,150,2700
1220,47.5333333333333,40.6033750727677,1.1,1.1,921,150,2700
1221,47.56,40.6298145039675,1.1,1.1,921,150,2700
1222,47.5866666666667,40.6562547343227,1.1,1.1,921,150,2700
1223,47.6133333333333,40.6826957555617,1.1,1.1,921,150,2700
1224,47.64,40.7091375594127,1.1,1.1,921,150,2700
1225,47.6666666666667,40.735580137604,1.1,1.1,921,150,2700
1226,47.6933333333333,40.762023481864,1.1,1.1,921,150,2700
1227,47.72,40.7884675839209,1.1,1.1,921,150,2700
1228,47.7466666666667,40.8149124355031,1.1,1.1,921,150,2700
1229,47.7733333333333,40.8413580283388,1.1,1.1,921,150,2700
1230,47.8,40.8678043541564,1.1,1.1,921,150,2700
1231,47.8266666666667,40.8942514046841,1.1,1.1,921,150,2700
1232,47.8533333333333,40.9206991716502,1.1,1.1,921,150,2700
1233,47.88,40.9471476467831,1.1,1.1,921,150,2700
1234,47.9066666666667,40.9735968218111,1.1,1.1,921,150,2700
1235,47.9333333333333,41.0000466884624,1.1,1.1,921,150,2700
1236,47.96,41.0264972384654,1.1,1.1,921,150,2700
1237,47.9866666666667,41.0529484635483,1.1,1.1,921,150,2700
1238,48.0133333333333,41.0794003554395,1.1,1.1,921,150,2700
1239,48.04,41.1058529058673,1.1,1.1,921,150,2700
1240,48.0666666666667,41.1323061065599,1.1,1.1,921,150,2700
1241,48.0933333333333,41.1587599492457,1.1,1.1,921,150,2700
1242,48.12,41.1852144256529,1.1,1.1,921,150,2700
1243,48.1466666666667,41.21166952751,1.1,1.1,921,150,2700
1244,48.1733333333333,41.2381252465451,1.1,1.1,921,150,2700
1245,48.2,41.2645815744865,1.1,1.1,921,150,2700
1246,48.2266666666667,41.2910385030627,1.1,1.1,921,150,2700
1247,48.2533333333333,41.3174960240018,1.1,1.1,921,150,2700
1248,48.28,41.3439541290322,1.1,1.1,921,150,2700
1249,48.3066666666667,41.3704128098822,1.1,1.1,921,150,2700
1250,48.3333333333333,41.3968720582801,1.1,1.1,921,150,2700
1251,48.36,41.4233318659542,1.1,1.1,921,150,2700
1252,48.3866666666667,41.4497922246327,1.1,1.1,921,150,2700
1253,48.4133333333333,41.476253126044,1.1,1.1,921,150,2700
1254,48.44,41.5027145619165,1.1,1.1,921,150,2700
1255,48.4666666666667,41.5291765239783,1.1,1.1,921,150,2700
1256,48.4933333333333,41.5556390039578,1.1,1.1,921,150,2700
1257,48.52,41.5821019935833,1.1,1.1,921,150,2700
1258,48.5466666666667,41.6085654845831,1.1,1.1,921,150,2700
1259,48.5733333333333,41.6350294686856,1.1,1.1,921,150,2700
1260,48.6,41.6614939376189,1.1,1.1,921,150,2700
1261,48.6266666666667,41.6879588831114,1.1,1.1,921,150,2700
1262,48.6533333333333,41.7144242968914,1.1,1.1,921,150,2700
1263,48.68,41.7408901706872,1.1,1.1,921,150,2700
1264,48.7066666666667,41.7673564962272,1.1,1.1,921,150,2700
1265,48.7333333333333,41.7938232652395,1.1,1.1,921,150,2700
1266,48.76,41.8202904694526,1.1,1.1,921,150,2700
1267,48.7866666666667,41.8467581005947,1.1,1.1,921,150,2700
1268,48.8133333333333,41.8732261503941,1.1,1.1,921,150,2700
1269,48.84,41.8996946105791,1.1,1.1,921,150,2700
1270,48.8666666666667,41.9261634728781,1.1,1.1,921,150,2700
1271,48.8933333333333,41.9526327290192,1.1,1.1,921,150,2700
1272,48.92,41.9791023707309,1.1,1.1,921,150,2700
1273,48.9466666666667,42.0055723897414,1.1,1.1,921,150,2700
1274,48.9733333333333,42.0320427777791,1.1,1.1,921,150,2700
1275,49,42.0585135265721,1.1,1.1,921,150,2700
1276,49.0266666666667,42.0849846278489,1.1,1.1,921,150,2700
1277,49.0533333333333,42.1114560733378,1.1,1.1,921,150,2700
1278,49.08,42.137927854767,1.1,1.1,921,150,2700
1279,49.1066666666667,42.1643999638648,1.1,1.1,921,150,2700
1280,49.1333333333333,42.1908723923595,1.1,1.1,921,150,2700
1281,49.16,42.2173451319795,1.1,1.1,921,150,2700
1282,49.1866666666667,42.2438181744531,1.1,1.1,921,150,2700
1283,49.2133333333333,42.2702915115085,1.1,1.1,921,150,2700
1284,49.24,42.296765134874,1.1,1.1,921,150,2700
1285,49.2666666666667,42.323239036278,1.1,1.1,921,150,2700
1286,49.2933333333333,42.3497132074487,1.1,1.1,921,150,2700
1287,49.32,42.3761876401145,1.1,1.1,921,150,2700
1288,49.3466666666667,42.4026623260036,1.1,1.1,921,150,2700
1289,49.3733333333333,42.4291372568444,1.1,1.1,921,150,2700
1290,49.4,42.4556124243652,1.1,1.1,921,150,2700
1291,49.4266666666667,42.4820878202942,1.1,1.1,921,150,2700
1292,49.4533333333333,42.5085634363598,1.1,1.1,921,150,2700
1293,49.48,42.5350392642902,1.1,1.1,921,150,2700
1294,49.5066666666667,42.5615152958138,1.1,1.1,921,150,2700
1295,49.5333333333333,42.5879915226589,1.1,1.1,921,150,2700
1296,49.56,42.6144679365537,1.1,1.1,921,150,2700
1297,49.5866666666667,42.6409445292267,1.1,1.1,921,150,2700
1298,49.6133333333333,42.6674212924059,1.1,1.1,921,150,2700
1299,49.64,42.6938982178199,1.1,1.1,921,150,2700
1300,49.6666666666667,42.7203752971969,1.1,1.1,921,150,2700
1301,49.6933333333333,42.7468525222651,1.1,1.1,921,150,2700
1302,49.72,42.7733298847529,1.1,1.1,921,150,2700
1303,49.7466666666667,42.7998073763886,1.1,1.1,921,150,2700
1304,49.7733333333333,42.8262849889004,1.1,1.1,921,150,2700
1305,49.8,42.8527627140168,1.1,1.1,921,150,2700
1306,49.8266666666667,42.8792405434659,1.1,1.1,921,150,2700
1307,49.8533333333333,42.9057184689762,1.1,1.1,921,150,2700
1308,49.88,42.9321964822758,1.1,1.1,921,150,2700
1309,49.9066666666667,42.9586745750931,1.1,1.1,921,150,2700
1310,49.9333333333333,42.9851527391564,1.1,1.1,921,150,2700
1311,49.96,43.011630966194,1.1,1.1,921,150,2700
1312,49.9866666666667,43.0381092479342,1.1,1.1,921,150,2700
1313,50.0133333333333,43.0645875761054,1.1,1.1,921,150,2700
1314,50.04,43.0910659424357,1.1,1.1,921,150,2700
1315,50.0666666666667,43.1175443386535,1.1,1.1,921,150,2700
1316,50.0933333333333,43.1440227564871,1.1,1.1,921,150,2700
1317,50.12,43.1705011876649,1.1,1.1,921,150,2700
1318,50.1466666666667,43.196979623915,1.1,1.1,921,150,2700
1319,50.1733333333333,43.2234580569659,1.1,1.1,921,150,2700
1320,50.2,43.2499364785458,1.1,1.1,921,150,2700
1321,50.2266666666667,43.276414880383,1.1,1.1,921,150,2700
1322,50.2533333333333,43.3028932542058,1.1,1.1,921,150,2700
1323,50.28,43.3293715917425,1.1,1.1,921,150,2700
1324,50.3066666666667,43.3558498847215,1.1,1.1,921,150,2700
1325,50.3333333333333,43.3823281248709,1.1,1.1,921,150,2700
1326,50.36,43.4088063039192,1.1,1.1,921,150,2700
1327,50.3866666666667,43.4352844135947,1.1,1.1,921,150,2700
1328,50.4133333333333,43.4617624456255,1.1,1.1,921,150,2700
1329,50.44,43.4882403917401,1.1,1.1,921,150,2700
1330,50.4666666666667,43.5147182436667,1.1,1.1,921,150,2700
1331,50.4933333333333,43.5411959931337,1.1,1.1,921,150,2700
1332,50.52,43.5676736318693,1.1,1.1,921,150,2700
1333,50.5466666666667,43.5941511516018,1.1,1.1,921,150,2700
1334,50.5733333333333,43.6206285440596,1.1,1.1,921,150,2700
1335,50.6,43.6471058009709,1.1,1.1,921,150,2700
1336,50.6266666666667,43.6735829140641,1.1,1.1,921,150,2700
1337,50.6533333333333,43.7000598750674,1.1,1.1,921,150,2700
1338,50.68,43.7265366757092,1.1,1.1,921,150,2700
1339,50.7066666666667,43.7530133077177,1.1,1.1,921,150,2700
1340,50.7333333333333,43.7794897628212,1.1,1.1,921,150,2700
1341,50.76,43.8059660327481,1.1,1.1,921,150,2700
1342,50.7866666666667,43.8324421092267,1.1,1.1,921,150,2700
1343,50.8133333333333,43.8589179839852,1.1,1.1,921,150,2700
1344,50.84,43.885393648752,1.1,1.1,921,150,2700
1345,50.8666666666667,43.9118690952554,1.1,1.1,921,150,2700
1346,50.8933333333333,43.9383443152236,1.1,1.1,921,150,2700
1347,50.92,43.9648193003849,1.1,1.1,921,150,2700
1348,50.9466666666667,43.9912940424678,1.1,1.1,921,150,2700
1349,50.9733333333333,44.0177685332004,1.1,1.1,921,150,2700
1350,51,44.0442427643111,1.1,1.1,921,150,2700
1351,51.0266666666667,44.0707167275281,1.1,1.1,921,150,2700
1352,51.0533333333333,44.0971904145799,1.1,1.1,921,150,2700
1353,51.08,44.1236638171946,1.1,1.1,921,150,2700
1354,51.1066666666667,44.1501369271006,1.1,1.1,921,150,2700
1355,51.1333333333333,44.1766097360261,1.1,1.1,921,150,2700
1356,51.16,44.2030822356996,1.1,1.1,921,150,2700
1357,51.1866666666667,44.2295544178492,1.1,1.1,921,150,2700
1358,51.2133333333333,44.256043517432,1.1,1.1,921,150,2700
1359,51.24,44.2825433222127,1.1,1.1,921,150,2700
1360,51.2666666666667,44.3090433692487,1.1,1.1,921,150,2700
1361,51.2933333333333,44.3355436542991,1.1,1.1,921,150,2700
1362,51.32,44.3620441731234,1.1,1.1,921,150,2700
1363,51.3466666666667,44.3885449214807,1.1,1.1,921,150,2700
1364,51.3733333333333,44.4150458951305,1.1,1.1,921,150,2700
1365,51.4,44.4415470898319,1.1,1.1,921,150,2700
1366,51.4266666666667,44.4680485013443,1.1,1.1,921,150,2700
1367,51.4533333333333,44.494550125427,1.1,1.1,921,150,2700
1368,51.48,44.5210519578393,1.1,1.1,921,150,2700
1369,51.5066666666667,44.5475539943405,1.1,1.1,921,150,2700
1370,51.5333333333333,44.5740562306898,1.1,1.1,921,150,2700
1371,51.56,44.6005586626467,1.1,1.1,921,150,2700
1372,51.5866666666667,44.6270612859702,1.1,1.1,921,150,2700
1373,51.6133333333333,44.6535640964199,1.1,1.1,921,150,2700
1374,51.64,44.680067089755,1.1,1.1,921,150,2700
1375,51.6666666666667,44.7065702617347,1.1,1.1,921,150,2700
1376,51.6933333333333,44.7330736081183,1.1,1.1,921,150,2700
1377,51.72,44.7595771246653,1.1,1.1,921,150,2700
1378,51.7466666666667,44.7860808071348,1.1,1.1,921,150,2700
1379,51.7733333333333,44.8125846512861,1.1,1.1,921,150,2700
1380,51.8,44.8390886528786,1.1,1.1,921,150,2700
1381,51.8266666666667,44.8655928076716,1.1,1.1,921,150,2700
1382,51.8533333333333,44.8920971114243,1.1,1.1,921,150,2700
1383,51.88,44.9186015598961,1.1,1.1,921,150,2700
1384,51.9066666666667,44.9451061488462,1.1,1.1,921,150,2700
1385,51.9333333333333,44.9716108740339,1.1,1.1,921,150,2700
1386,51.96,44.9981157312186,1.1,1.1,921,150,2700
1387,51.9866666666667,45.0246207161596,1.1,1.1,921,150,2700
1388,52.0133333333333,45.0511258246161,1.1,1.1,921,150,2700
1389,52.04,45.0776310523474,1.1,1.1,921,150,2700
1390,52.0666666666667,45.1041363951128,1.1,1.1,921,150,2700
1391,52.0933333333333,45.1306418486717,1.1,1.1,921,150,2700
1392,52.12,45.1571474087833,1.1,1.1,921,150,2700
1393,52.1466666666667,45.183653071207,1.1,1.1,921,150,2700
1394,52.1733333333333,45.2101588317019,1.1,1.1,921,150,2700
1395,52.2,45.2366646860275,1.1,1.1,921,150,2700
1396,52.2266666666667,45.263170629943,1.1,1.1,921,150,2700
1397,52.2533333333333,45.2896766592077,1.1,1.1,921,150,2700
1398,52.28,45.316182769581,1.1,1.1,921,150,2700
1399,52.3066666666667,45.342688956822,1.1,1.1,921,150,2700
1400,52.3333333333333,45.3691952166902,1.1,1.1,921,150,2700
1401,52.36,45.3957015449448,1.1,1.1,921,150,2700
1402,52.3866666666667,45.422207937345,1.1,1.1,921,150,2700
1403,52.4133333333333,45.4487143896503,1.1,1.1,921,150,2700
1404,52.44,45.4752208976199,1.1,1.1,921,150,2700
1405,52.4666666666667,45.5017274570131,1.1,1.1,921,150,2700
1406,52.4933333333333,45.5282340635892,1.1,1.1,921,150,2700
1407,52.52,45.5547407131075,1.1,1.1,921,150,2700
1408,52.5466666666667,45.5812474013272,1.1,1.1,921,150,2700
1409,52.5733333333333,45.6077541240078,1.1,1.1,921,150,2700
1410,52.6,45.6342608769085,1.1,1.1,921,150,2700
1411,52.6266666666667,45.6607676557885,1.1,1.1,921,150,2700
1412,52.6533333333333,45.6872744564072,1.1,1.1,921,150,2700
1413,52.68,45.7137812745239,1.1,1.1,921,150,2700
1414,52.7066666666667,45.7402881058979,1.1,1.1,921,150,2700
1415,52.7333333333333,45.7667949462885,1.1,1.1,921,150,2700
1416,52.76,45.7933017914549,1.1,1.1,921,150,2700
1417,52.7866666666667,45.8198086371565,1.1,1.1,921,150,2700
1418,52.8133333333333,45.8463154791526,1.1,1.1,921,150,2700
1419,52.84,45.8728223132025,1.1,1.1,921,150,2700
1420,52.8666666666667,45.8993291350654,1.1,1.1,921,150,2700
1421,52.8933333333333,45.9258359405007,1.1,1.1,921,150,2700
1422,52.92,45.9523427252676,1.1,1.1,921,150,2700
1423,52.9466666666667,45.9788494851256,1.1,1.1,921,150,2700
1424,52.9733333333333,46.0053562158337,1.1,1.1,921,150,2700
1425,53,46.0318629131514,1.1,1.1,921,150,2700
1426,53.0266666666667,46.058369572838,1.1,1.1,921,150,2700
1427,53.0533333333333,46.0848761906527,1.1,1.1,921,150,2700
1428,53.08,46.1113827623549,1.1,1.1,921,150,2700
1429,53.1066666666667,46.1378892837038,1.1,1.1,921,150,2700
1430,53.1333333333333,46.1643957504588,1.1,1.1,921,150,2700
1431,53.16,46.1909021583791,1.1,1.1,921,150,2700
1432,53.1866666666667,46.217408503224,1.1,1.1,921,150,2700
1433,53.2133333333333,46.2439147807529,1.1,1.1,921,150,2700
1434,53.24,46.270420986725,1.1,1.1,921,150,2700
1435,53.2666666666667,46.2969271168997,1.1,1.1,921,150,2700
1436,53.2933333333333,46.3234331670362,1.1,1.1,921,150,2700
1437,53.32,46.3499391328938,1.1,1.1,921,150,2700
1438,53.3466666666667,46.3764450102318,1.1,1.1,921,150,2700
1439,53.3733333333333,46.4029507948096,1.1,1.1,921,150,2700
1440,53.4,46.4294564823864,1.1,1.1,921,150,2700
1441,53.4266666666667,46.4559620687215,1.1,1.1,921,150,2700
1442,53.4533333333333,46.4824675495742,1.1,1.1,921,150,2700
1443,53.48,46.5089729207038,1.1,1.1,921,150,2700
1444,53.5066666666667,46.5354781778696,1.1,1.1,921,150,2700
1445,53.5333333333333,46.561983316831,1.1,1.1,921,150,2700
1446,53.56,46.5884883333472,1.1,1.1,921,150,2700
1447,53.5866666666667,46.6149932231774,1.1,1.1,921,150,2700
1448,53.6133333333333,46.6414979820811,1.1,1.1,921,150,2700
1449,53.64,46.6680026058175,1.1,1.1,921,150,2700
1450,53.6666666666667,46.6945070901459,1.1,1.1,921,150,2700
1451,53.6933333333333,46.7210114308255,1.1,1.1,921,150,2700
1452,53.72,46.7475156236158,1.1,1.1,921,150,2700
1453,53.7466666666667,46.774019664276,1.1,1.1,921,150,2700
1454,53.7733333333333,46.8005235485653,1.1,1.1,921,150,2700
1455,53.8,46.8270272722431,1.1,1.1,921,150,2700
1456,53.8266666666667,46.8535308310688,1.1,1.1,921,150,2700
1457,53.8533333333333,46.8800342208015,1.1,1.1,921,150,2700
1458,53.88,46.9065374372006,1.1,1.1,921,150,2700
1459,53.9066666666667,46.9330404760253,1.1,1.1,921,150,2700
1460,53.9333333333333,46.9595433330351,1.1,1.1,921,150,2700
1461,53.96,46.9860460039891,1.1,1.1,921,150,2700
1462,53.9866666666667,47.0125484846467,1.1,1.1,921,150,2700
1463,54.0133333333333,47.0390507707671,1.1,1.1,921,150,2700
1464,54.04,47.0655528581098,1.1,1.1,921,150,2700
1465,54.0666666666667,47.0920547424338,1.1,1.1,921,150,2700
1466,54.0933333333333,47.1185564194987,1.1,1.1,921,150,2700
1467,54.12,47.1450578850636,1.1,1.1,921,150,2700
1468,54.1466666666667,47.1715591348879,1.1,1.1,921,150,2700
1469,54.1733333333333,47.1980601647308,1.1,1.1,921,150,2700
1470,54.2,47.2245609703517,1.1,1.1,921,150,2700
1471,54.2266666666667,47.2510615475099,1.1,1.1,921,150,2700
1472,54.2533333333333,47.2775618919645,1.1,1.1,921,150,2700
1473,54.28,47.3040619994751,1.1,1.1,921,150,2700
1474,54.3066666666667,47.3305618658008,1.1,1.1,921,150,2700
1475,54.3333333333333,47.3570614867009,1.1,1.1,921,150,2700
1476,54.36,47.3835608579348,1.1,1.1,921,150,2700
1477,54.3866666666667,47.4100599752617,1.1,1.1,921,150,2700
1478,54.4133333333333,47.4365588344409,1.1,1.1,921,150,2700
1479,54.44,47.4630574312318,1.1,1.1,921,150,2700
1480,54.4666666666667,47.4895557613936,1.1,1.1,921,150,2700
1481,54.4933333333333,47.5160538206856,1.1,1.1,921,150,2700
1482,54.52,47.5425516048672,1.1,1.1,921,150,2700
1483,54.5466666666667,47.5690491096976,1.1,1.1,921,150,2700
1484,54.5733333333333,47.5955463309361,1.1,1.1,921,150,2700
1485,54.6,47.622043264342,1.1,1.1,921,150,2700
1486,54.6266666666667,47.6485399056747,1.1,1.1,921,150,2700
1487,54.6533333333333,47.6750362506933,1.1,1.1,921,150,2700
1488,54.68,47.7015322951573,1.1,1.1,921,150,2700
1489,54.7066666666667,47.7280280348259,1.1,1.1,921,150,2700
1490,54.7333333333333,47.7545234654584,1.1,1.1,921,150,2700
1491,54.76,47.7810185828141,1.1,1.1,921,150,2700
1492,54.7866666666667,47.8075133826523,1.1,1.1,921,150,2700
1493,54.8133333333333,47.8340078607324,1.1,1.1,921,150,2700
1494,54.84,47.8605020128135,1.1,1.1,921,150,2700
1495,54.8666666666667,47.886995834655,1.1,1.1,921,150,2700
1496,54.8933333333333,47.9134893220162,1.1,1.1,921,150,2700
1497,54.92,47.9399824706564,1.1,1.1,921,150,2700
1498,54.9466666666667,47.9664752763349,1.1,1.1,921,150,2700
1499,54.9733333333333,47.992967734811,1.1,1.1,921,150,2700
1500,55,48.019459841844,1.1,1.1,921,150,2700
1501,55,48.0458840993111,1.1,1.1,921,150,2700
1502,55,48.0720327364696,1.1,1.1,921,150,2700
1503,55,48.0981311894768,1.1,1.1,921,150,2700
1504,55,48.124177074425,1.1,1.1,921,150,2700
1505,55,48.1501680074063,1.1,1.1,921,150,2700
1506,55,48.1761016045129,1.1,1.1,921,150,2700
1507,55,48.201975481837,1.1,1.1,921,150,2700
1508,55,48.2277872554706,1.1,1.1,921,150,2700
1509,55,48.2535345415061,1.1,1.1,921,150,2700
1510,55,48.2792149560356,1.1,1.1,921,150,2700
1511,55,48.3048261151512,1.1,1.1,921,150,2700
1512,55,48.3303656349452,1.1,1.1,921,150,2700
1513,55,48.3558311315097,1.1,1.1,921,150,2700
1514,55,48.3812202209369,1.1,1.1,921,150,2700
1515,55,48.4065305193189,1.1,1.1,921,150,2700
1516,55,48.431759642748,1.1,1.1,921,150,2700
1517,55,48.4569052073163,1.1,1.1,921,150,2700
1518,55,48.481964829116,1.1,1.1,921,150,2700
1519,55,48.5069361242393,1.1,1.1,921,150,2700
1520,55,48.5318167087784,1.1,1.1,921,150,2700
1521,55,48.5566140862271,1.1,1.1,921,150,2700
1522,55,48.5813290576802,1.1,1.1,921,150,2700
1523,55,48.6059503632475,1.1,1.1,921,150,2700
1524,55,48.6304758740217,1.1,1.1,921,150,2700
1525,55,48.6549034610952,1.1,1.1,921,150,2700
1526,55,48.6792309955606,1.1,1.1,921,150,2700
1527,55,48.7034563485105,1.1,1.1,921,150,2700
1528,55,48.7275773910375,1.1,1.1,921,150,2700
1529,55,48.751591994234,1.1,1.1,921,150,2700
1530,55,48.7754980291926,1.1,1.1,921,150,2700
1531,55,48.7992933670058,1.1,1.1,921,150,2700
1532,55,48.8229758787663,1.1,1.1,921,150,2700
1533,55,48.8465434355665,1.1,1.1,921,150,2700
1534,55,48.8699939084991,1.1,1.1,921,150,2700
1535,55,48.8933251686564,1.1,1.1,921,150,2700
1536,55,48.9166118238082,1.1,1.1,921,150,2700
1537,55,48.9398641700517,1.1,1.1,921,150,2700
1538,55,48.9630211039383,1.1,1.1,921,150,2700
1539,55,48.9860823266589,1.1,1.1,921,150,2700
1540,55,49.0090475394043,1.1,1.1,921,150,2700
1541,55,49.0319164433655,1.1,1.1,921,150,2700
1542,55,49.0546887397333,1.1,1.1,921,150,2700
1543,55,49.0773641296985,1.1,1.1,921,150,2700
1544,55,49.0999423144521,1.1,1.1,921,150,2700
1545,55,49.1224229951849,1.1,1.1,921,150,2700
1546,55,49.1448058730878,1.1,1.1,921,150,2700
1547,55,49.1670906493517,1.1,1.1,921,150,2700
1548,55,49.1892770251675,1.1,1.1,921,150,2700
1549,55,49.2113647017259,1.1,1.1,921,150,2700
1550,55,49.2333533802179,1.1,1.1,921,150,2700
1551,55,49.2552794759508,1.1,1.1,921,150,2700
1552,55,49.2771435401143,1.1,1.1,921,150,2700
1553,55,49.2989211659348,1.1,1.1,921,150,2700
1554,55,49.3206128684946,1.1,1.1,921,150,2700
1555,55,49.3422191628759,1.1,1.1,921,150,2700
1556,55,49.3637405641609,1.1,1.1,921,150,2700
1557,55,49.3851775874318,1.1,1.1,921,150,2700
1558,55,49.4065307477707,1.1,1.1,921,150,2700
1559,55,49.42780056026,1.1,1.1,921,150,2700
1560,55,49.4489875399818,1.1,1.1,921,150,2700
1561,55,49.4700922020183,1.1,1.1,921,150,2700
1562,55,49.4911150614517,1.1,1.1,921,150,2700
1563,55,49.5120566333641,1.1,1.1,921,150,2700
1564,55,49.5329174328379,1.1,1.1,921,150,2700
1565,55,49.5536979749552,1.1,1.1,921,150,2700
1566,55,49.574399826992,1.1,1.1,921,150,2700
1567,55,49.5950234006953,1.1,1.1,921,150,2700
1568,55,49.6155686232058,1.1,1.1,921,150,2700
1569,55,49.6360360313853,1.1,1.1,921,150,2700
1570,55,49.6564261620955,1.1,1.1,921,150,2700
1571,55,49.6767395521982,1.1,1.1,921,150,2700
1572,55,49.696976738555,1.1,1.1,921,150,2700
1573,55,49.7171382580277,1.1,1.1,921,150,2700
1574,55,49.7372246474781,1.1,1.1,921,150,2700
1575,55,49.7572364437678,1.1,1.1,921,150,2700
1576,55,49.7771741837587,1.1,1.1,921,150,2700
1577,55,49.7970384043124,1.1,1.1,921,150,2700
1578,55,49.8168296422906,1.1,1.1,921,150,2700
1579,55,49.8365484345552,1.1,1.1,921,150,2700
1580,55,49.8561953179677,1.1,1.1,921,150,2700
1581,55,49.8757615996231,1.1,1.1,921,150,2700
1582,55,49.8952497107997,1.1,1.1,921,150,2700
1583,55,49.914664549007,1.1,1.1,921,150,2700
1584,55,49.9340064720123,1.1,1.1,921,150,2700
1585,55,49.9532758375828,1.1,1.1,921,150,2700
1586,55,49.9724730034855,1.1,1.1,921,150,2700
1587,55,49.9915983274879,1.1,1.1,921,150,2700
1588,55,50.0106521673569,1.1,1.1,921,150,2700
1589,55,50.0296348808599,1.1,1.1,921,150,2700
1590,55,50.048546825764,1.1,1.1,921,150,2700
1591,55,50.0673883598365,1.1,1.1,921,150,2700
1592,55,50.0861598408444,1.1,1.1,921,150,2700
1593,55,50.1048616265551,1.1,1.1,921,150,2700
1594,55,50.1234940747357,1.1,1.1,921,150,2700
1595,55,50.1420575431534,1.1,1.1,921,150,2700
1596,55,50.1607126831379,1.1,1.1,921,150,2700
1597,55,50.1793741236201,1.1,1.1,921,150,2700
1598,55,50.1979688544844,1.1,1.1,921,150,2700
1599,55,50.2164968757311,1.1,1.1,921,150,2700
1600,55,50.23495818736,1.1,1.1,921,150,2700
1601,55,50.2533527893712,1.1,1.1,921,150,2700
1602,55,50.2716806817646,1.1,1.1,921,150,2700
1603,55,50.2899418645404,1.1,1.1,921,150,2700
1604,55,50.3081363376984,1.1,1.1,921,150,2700
1605,55,50.3262641012386,1.1,1.1,921,150,2700
1606,55,50.3443251551612,1.1,1.1,921,150,2700
1607,55,50.362319499466,1.1,1.1,921,150,2700
1608,55,50.380247134153,1.1,1.1,921,150,2700
1609,55,50.3981080592224,1.1,1.1,921,150,2700
1610,55,50.415902274674,1.1,1.1,921,150,2700
1611,55,50.4336297805079,1.1,1.1,921,150,2700
1612,55,50.451290576724,1.1,1.1,921,150,2700
1613,55,50.4688846633224,1.1,1.1,921,150,2700
1614,55,50.4864120403031,1.1,1.1,921,150,2700
1615,55,50.503872707666,1.1,1.1,921,150,2700
1616,55,50.5212666654113,1.1,1.1,921,150,2700
1617,55,50.5385939135388,1.1,1.1,921,150,2700
1618,55,50.5558544520485,1.1,1.1,921,150,2700
1619,55,50.5730482809405,1.1,1.1,921,150,2700
1620,55,50.5901754002148,1.1,1.1,921,150,2700
1621,55,50.6072358098714,1.1,1.1,921,150,2700
1622,55,50.6242295099102,1.1,1.1,921,150,2700
1623,55,50.6411565003313,1.1,1.1,921,150,2700
1624,55,50.6580167811347,1.1,1.1,921,150,2700
1625,55,50.6748103523204,1.1,1.1,921,150,2700
1626,55,50.6915372138883,1.1,1.1,921,150,2700
1627,55,50.7081973658385,1.1,1.1,921,150,2700
1628,55,50.7247908081709,1.1,1.1,921,150,2700
1629,55,50.7413175408856,1.1,1.1,921,150,2700
1630,55,50.7577775639826,1.1,1.1,921,150,2700
1631,55,50.7741708774619,1.1,1.1,921,150,2700
1632,55,50.7904974813234,1.1,1.1,921,150,2700
1633,55,50.8067573755672,1.1,1.1,921,150,2700
1634,55,50.8229505601932,1.1,1.1,921,150,2700
1635,55,50.8390770352016,1.1,1.1,921,150,2700
1636,55,50.8551368005922,1.1,1.1,921,150,2700
1637,55,50.871129856365,1.1,1.1,921,150,2700
1638,55,50.8870562025202,1.1,1.1,921,150,2700
1639,55,50.9029158390576,1.1,1.1,921,150,2700
1640,55,50.9187087659773,1.1,1.1,921,150,2700
1641,55,50.9344349832792,1.1,1.1,921,150,2700
1642,55,50.9500944909634,1.1,1.1,921,150,2700
1643,55,50.9656872890299,1.1,1.1,921,150,2700
1644,55,50.9812133774787,1.1,1.1,921,150,2700
1645,55,50.9966727563097,1.1,1.1,921,150,2700
1646,55,51.012065425523,1.1,1.1,921,150,2700
1647,55,51.0273913851185,1.1,1.1,921,150,2700
1648,55,51.0426506350964,1.1,1.1,921,150,2700
1649,55,51.0578431754565,1.1,1.1,921,150,2700
1650,55,51.0729690061988,1.1,1.1,921,150,2700
1651,55,51.0880281273235,1.1,1.1,921,150,2700
1652,55,51.1030205388304,1.1,1.1,921,150,2700
1653,55,51.1179462407195,1.1,1.1,921,150,2700
1654,55,51.132805232991,1.1,1.1,921,150,2700
1655,55,51.1475975156447,1.1,1.1,921,150,2700
1656,55,51.1623230886807,1.1,1.1,921,150,2700
1657,55,51.1769819520989,1.1,1.1,921,150,2700
1658,55,51.1915741058994,1.1,1.1,921,150,2700
1659,55,51.2060995500822,1.1,1.1,921,150,2700
1660,55,51.2205582846473,1.1,1.1,921,150,2700
1661,55,51.2349503095946,1.1,1.1,921,150,2700
1662,55,51.2492756249242,1.1,1.1,921,150,2700
1663,55,51.2635342306361,1.1,1.1,921,150,2700
1664,55,51.2777261267302,1.1,1.1,921,150,2700
1665,55,51.2918513132066,1.1,1.1,921,150,2700
1666,55,51.3059097900653,1.1,1.1,921,150,2700
1667,55,51.3199015573062,1.1,1.1,921,150,2700
1668,55,51.3338613209127,1.1,1.1,921,150,2700
1669,55,51.3481779018947,1.1,1.1,921,150,2700
1670,55,51.3624401977074,1.1,1.1,921,150,2700
1671,55,51.3766482083506,1.1,1.1,921,150,2700
1672,55,51.3908019338245,1.1,1.1,921,150,2700
1673,55,51.4049013741289,1.1,1.1,921,150,2700
1674,55,51.4189465292639,1.1,1.1,921,150,2700
1675,55,51.4329373992295,1.1,1.1,921,150,2700
1676,55,51.4468739840257,1.1,1.1,921,150,2700
1677,55,51.4607562836525,1.1,1.1,921,150,2700
1678,55,51.4745842981099,1.1,1.1,921,150,2700
1679,55,51.4883580273978,1.1,1.1,921,150,2700
1680,55,51.5020774715164,1.1,1.1,921,150,2700
1681,55,51.5157426304656,1.1,1.1,921,150,2700
1682,55,51.5293535042453,1.1,1.1,921,150,2700
1683,55,51.5429100928556,1.1,1.1,921,150,2700
1684,55,51.5564123962966,1.1,1.1,921,150,2700
1685,55,51.5698604145681,1.1,1.1,921,150,2700
1686,55,51.5832541476702,1.1,1.1,921,150,2700
1687,55,51.5965935956029,1.1,1.1,921,150,2700
1688,55,51.6098787583662,1.1,1.1,921,150,2700
1689,55,51.6231096359601,1.1,1.1,921,150,2700
1690,55,51.6362862283845,1.1,1.1,921,150,2700
1691,55,51.6494085356396,1.1,1.1,921,150,2700
1692,55,51.6624765577252,1.1,1.1,921,150,2700
1693,55,51.6754902946415,1.1,1.1,921,150,2700
1694,55,51.6884497463883,1.1,1.1,921,150,2700
1695,55,51.7013549129658,1.1,1.1,921,150,2700
1696,55,51.7142057943738,1.1,1.1,921,150,2700
1697,55,51.7270023906124,1.1,1.1,921,150,2700
1698,55,51.7397447016816,1.1,1.1,921,150,2700
1699,55,51.7524327275814,1.1,1.1,921,150,2700
1700,55,51.7650664683118,1.1,1.1,921,150,2700
1701,55,51.7776459238727,1.1,1.1,921,150,2700
1702,55,51.7901710942643,1.1,1.1,921,150,2700
1703,55,51.8026419794865,1.1,1.1,921,150,2700
1704,55,51.8150585795392,1.1,1.1,921,150,2700
1705,55,51.8274208944226,1.1,1.1,921,150,2700
1706,55,51.8397289241365,1.1,1.1,921,150,2700
1707,55,51.851982668681,1.1,1.1,921,150,2700
1708,55,51.8641821280561,1.1,1.1,921,150,2700
1709,55,51.8763273022618,1.1,1.1,921,150,2700
1710,55,51.8884181912981,1.1,1.1,921,150,2700
1711,55,51.900454795165,1.1,1.1,921,150,2700
1712,55,51.9124371138625,1.1,1.1,921,150,2700
1713,55,51.9243651473906,1.1,1.1,921,150,2700
1714,55,51.9362388957492,1.1,1.1,921,150,2700
1715,55,51.9480583589385,1.1,1.1,921,150,2700
1716,55,51.9598235369583,1.1,1.1,921,150,2700
1717,55,51.9715344298087,1.1,1.1,921,150,2700
1718,55,51.9831910374898,1.1,1.1,921,150,2700
1719,55,51.9947933600014,1.1,1.1,921,150,2700
1720,55,52.0063413973436,1.1,1.1,921,150,2700
1721,55,52.0178351495164,1.1,1.1,921,150,2700
1722,55,52.0292746165198,1.1,1.1,921,150,2700
1723,55,52.0406597983538,1.1,1.1,921,150,2700
1724,55,52.0519906950183,1.1,1.1,921,150,2700
1725,55,52.0632673065135,1.1,1.1,921,150,2700
1726,55,52.0744896328392,1.1,1.1,921,150,2700
1727,55,52.0856576739956,1.1,1.1,921,150,2700
1728,55,52.0967714299825,1.1,1.1,921,150,2700
1729,55,52.1078309008,1.1,1.1,921,150,2700
1730,55,52.1188360864482,1.1,1.1,921,150,2700
1731,55,52.1297869869269,1.1,1.1,921,150,2700
1732,55,52.1406836022362,1.1,1.1,921,150,2700
1733,55,52.1515259323761,1.1,1.1,921,150,2700
1734,55,52.1623139773465,1.1,1.1,921,150,2700
1735,55,52.1730477371476,1.1,1.1,921,150,2700
1736,55,52.1837272117793,1.1,1.1,921,150,2700
1737,55,52.1943524012415,1.1,1.1,921,150,2700
1738,55,52.2049233055344,1.1,1.1,921,150,2700
1739,55,52.2154399246578,1.1,1.1,921,150,2700
1740,55,52.2259022586119,1.1,1.1,921,150,2700
1741,55,52.2365229085815,1.1,1.1,921,150,2700
1742,55,52.2473405940013,1.1,1.1,921,150,2700
1743,55,52.2581164411215,1.1,1.1,921,150,2700
1744,55,52.2688504499421,1.1,1.1,921,150,2700
1745,55,52.2795426204632,1.1,1.1,921,150,2700
1746,55,52.2901929526847,1.1,1.1,921,150,2700
1747,55,52.3008014466066,1.1,1.1,921,150,2700
1748,55,52.311368102229,1.1,1.1,921,150,2700
1749,55,52.3218929195518,1.1,1.1,921,150,2700
1750,55,52.3323758985751,1.1,1.1,921,150,2700
1751,55,52.3428170392988,1.1,1.1,921,150,2700
1752,55,52.353216341723,1.1,1.1,921,150,2700
1753,55,52.3635738058476,1.1,1.1,921,150,2700
1754,55,52.3738894316726,1.1,1.1,921,150,2700
1755,55,52.3841632191981,1.1,1.1,921,150,2700
1756,55,52.394395168424,1.1,1.1,921,150,2700
1757,55,52.4045852793504,1.1,1.1,921,150,2700
1758,55,52.4147335519772,1.1,1.1,921,150,2700
1759,55,52.4248399863044,1.1,1.1,921,150,2700
1760,55,52.4349045823321,1.1,1.1,921,150,2700
1761,55,52.4449273400602,1.1,1.1,921,150,2700
1762,55,52.4549082594887,1.1,1.1,921,150,2700
1763,55,52.4648473406177,1.1,1.1,921,150,2700
1764,55,52.4747445834472,1.1,1.1,921,150,2700
1765,55,52.484599987977,1.1,1.1,921,150,2700
1766,55,52.4944135542074,1.1,1.1,921,150,2700
1767,55,52.5041852821381,1.1,1.1,921,150,2700
1768,55,52.5139151717693,1.1,1.1,921,150,2700
1769,55,52.5236032231009,1.1,1.1,921,150,2700
1770,55,52.533249436133,1.1,1.1,921,150,2700
1771,55,52.5428538108655,1.1,1.1,921,150,2700
1772,55,52.5524163472985,1.1,1.1,921,150,2700
1773,55,52.5619370454319,1.1,1.1,921,150,2700
1774,55,52.5714159052657,1.1,1.1,921,150,2700
1775,55,52.5808529268,1.1,1.1,921,150,2700
1776,55,52.5902481100347,1.1,1.1,921,150,2700
1777,55,52.5996014549699,1.1,1.1,921,150,2700
1778,55,52.6089129616055,1.1,1.1,921,150,2700
1779,55,52.6181826299415,1.1,1.1,921,150,2700
1780,55,52.627410459978,1.1,1.1,921,150,2700
1781,55,52.6365964517149,1.1,1.1,921,150,2700
1782,55,52.6457406051523,1.1,1.1,921,150,2700
1783,55,52.6548429202901,1.1,1.1,921,150,2700
1784,55,52.6639033971283,1.1,1.1,921,150,2700
1785,55,52.672922035667,1.1,1.1,921,150,2700
1786,55,52.6818988359061,1.1,1.1,921,150,2700
1787,55,52.6908337978457,1.1,1.1,921,150,2700
1788,55,52.6997269214857,1.1,1.1,921,150,2700
1789,55,52.7085782068262,1.1,1.1,921,150,2700
1790,55,52.717387653867,1.1,1.1,921,150,2700
1791,55,52.7261552626084,1.1,1.1,921,150,2700
1792,55,52.7348810330501,1.1,1.1,921,150,2700
1793,55,52.7435649651923,1.1,1.1,921,150,2700
1794,55,52.752207059035,1.1,1.1,921,150,2700
1795,55,52.7608073145781,1.1,1.1,921,150,2700
1796,55,52.7693657318216,1.1,1.1,921,150,2700
1797,55,52.7778823107655,1.1,1.1,921,150,2700
1798,55,52.78635705141,1.1,1.1,921,150,2700
1799,55,52.7947899537548,1.1,1.1,921,150,2700
1800,55,52.8031810178001,1.1,1.1,921,150,2700
1801,55,52.8115302435458,1.1,1.1,921,150,2700
1802,55,52.819837630992,1.1,1.1,921,150,2700
1803,55,52.8281031801386,1.1,1.1,921,150,2700
1804,55,52.8363268909856,1.1,1.1,921,150,2700
1805,55,52.8445087635331,1.1,1.1,921,150,2700
1806,55,52.852648797781,1.1,1.1,921,150,2700
1807,55,52.8607469937294,1.1,1.1,921,150,2700
1808,55,52.8688033513782,1.1,1.1,921,150,2700
1809,55,52.8768178707275,1.1,1.1,921,150,2700
1810,55,52.8847905517772,1.1,1.1,921,150,2700
1811,55,52.8927213945273,1.1,1.1,921,150,2700
1812,55,52.9006103989778,1.1,1.1,921,150,2700
1813,55,52.9084575651289,1.1,1.1,921,150,2700
1814,55,52.91658539632,1.1,1.1,921,150,2700
1815,55,52.9247342329084,1.1,1.1,921,150,2700
1816,55,52.932851462706,1.1,1.1,921,150,2700
1817,55,52.9409370857127,1.1,1.1,921,150,2700
1818,55,52.9489911019285,1.1,1.1,921,150,2700
1819,55,52.9570135113534,1.1,1.1,921,150,2700
1820,55,52.9650043139875,1.1,1.1,921,150,2700
1821,55,52.9729635098307,1.1,1.1,921,150,2700
1822,55,52.980891098883,1.1,1.1,921,150,2700
1823,55,52.9887870811444,1.1,1.1,921,150,2700
1824,55,52.9966514566149,1.1,1.1,921,150,2700
1825,55,53.0044842252946,1.1,1.1,921,150,2700
1826,55,53.0122853871834,1.1,1.1,921,150,2700
1827,55,53.0200549422813,1.1,1.1,921,150,2700
1828,55,53.0277928905883,1.1,1.1,921,150,2700
1829,55,53.0354992321045,1.1,1.1,921,150,2700
1830,55,53.0431739668297,1.1,1.1,921,150,2700
1831,55,53.0508170947641,1.1,1.1,921,150,2700
1832,55,53.0584286159076,1.1,1.1,921,150,2700
1833,55,53.0660085302602,1.1,1.1,921,150,2700
1834,55,53.073556837822,1.1,1.1,921,150,2700
1835,55,53.0810735385929,1.1,1.1,921,150,2700
1836,55,53.0885586325728,1.1,1.1,921,150,2700
1837,55,53.096012119762,1.1,1.1,921,150,2700
1838,55,53.1034340001602,1.1,1.1,921,150,2700
1839,55,53.1108242737675,1.1,1.1,921,150,2700
1840,55,53.118182940584,1.1,1.1,921,150,2700
1841,55,53.1255100006096,1.1,1.1,921,150,2700
1842,55,53.1328054538443,1.1,1.1,921,150,2700
1843,55,53.1400693002881,1.1,1.1,921,150,2700
1844,55,53.1473015399411,1.1,1.1,921,150,2700
1845,55,53.1545021728031,1.1,1.1,921,150,2700
1846,55,53.1616711988743,1.1,1.1,921,150,2700
1847,55,53.1688086181547,1.1,1.1,921,150,2700
1848,55,53.1759144306441,1.1,1.1,921,150,2700
1849,55,53.1829886363426,1.1,1.1,921,150,2700
1850,55,53.1900312352503,1.1,1.1,921,150,2700
1851,55,53.1970422273671,1.1,1.1,921,150,2700
1852,55,53.204021612693,1.1,1.1,921,150,2700
1853,55,53.2109693912281,1.1,1.1,921,150,2700
1854,55,53.2178855629722,1.1,1.1,921,150,2700
1855,55,53.2247701279255,1.1,1.1,921,150,2700
1856,55,53.2316230860879,1.1,1.1,921,150,2700
1857,55,53.2384444374594,1.1,1.1,921,150,2700
1858,55,53.2452341820401,1.1,1.1,921,150,2700
1859,55,53.2519923198298,1.1,1.1,921,150,2700
1860,55,53.2587188508287,1.1,1.1,921,150,2700
1861,55,53.2654137750367,1.1,1.1,921,150,2700
1862,55,53.2720770924538,1.1,1.1,921,150,2700
1863,55,53.2787088030801,1.1,1.1,921,150,2700
1864,55,53.2853089069154,1.1,1.1,921,150,2700
1865,55,53.2918774039599,1.1,1.1,921,150,2700
1866,55,53.2984142942135,1.1,1.1,921,150,2700
1867,55,53.3049195776762,1.1,1.1,921,150,2700
1868,55,53.3113932543481,1.1,1.1,921,150,2700
1869,55,53.317835324229,1.1,1.1,921,150,2700
1870,55,53.3242457873191,1.1,1.1,921,150,2700
1871,55,53.3306246436183,1.1,1.1,921,150,2700
1872,55,53.3369718931267,1.1,1.1,921,150,2700
1873,55,53.3432875358441,1.1,1.1,921,150,2700
1874,55,53.3495715717707,1.1,1.1,921,150,2700
1875,55,53.3558240009064,1.1,1.1,921,150,2700
1876,55,53.3620448232512,1.1,1.1,921,150,2700
1877,55,53.3682340388051,1.1,1.1,921,150,2700
1878,55,53.3743916475682,1.1,1.1,921,150,2700
1879,55,53.3805176495403,1.1,1.1,921,150,2700
1880,55,53.3866120447216,1.1,1.1,921,150,2700
1881,55,53.392674833112,1.1,1.1,921,150,2700
1882,55,53.3987060147116,1.1,1.1,921,150,2700
1883,55,53.4047055895202,1.1,1.1,921,150,2700
1884,55,53.410673557538,1.1,1.1,921,150,2700
1885,55,53.4166099187649,1.1,1.1,921,150,2700
1886,55,53.4225378347437,1.1,1.1,921,150,2700
1887,55,53.4285083857878,1.1,1.1,921,150,2700
1888,55,53.4344542571096,1.1,1.1,921,150,2700
1889,55,53.4403755641029,1.1,1.1,921,150,2700
1890,55,53.4462724221613,1.1,1.1,921,150,2700
1891,55,53.4521449466787,1.1,1.1,921,150,2700
1892,55,53.4579932530487,1.1,1.1,921,150,2700
1893,55,53.4638174566651,1.1,1.1,921,150,2700
1894,55,53.4696176729217,1.1,1.1,921,150,2700
1895,55,53.475394017212,1.1,1.1,921,150,2700
1896,55,53.48114660493,1.1,1.1,921,150,2700
1897,55,53.4868755514692,1.1,1.1,921,150,2700
1898,55,53.4925809722235,1.1,1.1,921,150,2700
1899,55,53.4982629825866,1.1,1.1,921,150,2700
1900,55,53.5039216979521,1.1,1.1,921,150,2700
1901,55,53.5095572337139,1.1,1.1,921,150,2700
1902,55,53.5151697052656,1.1,1.1,921,150,2700
1903,55,53.5207592280011,1.1,1.1,921,150,2700
1904,55,53.5263259173139,1.1,1.1,921,150,2700
1905,55,53.5318698885979,1.1,1.1,921,150,2700
1906,55,53.5373912572467,1.1,1.1,921,150,2700
1907,55,53.5428901386542,1.1,1.1,921,150,2700
1908,55,53.548366648214,1.1,1.1,921,150,2700
1909,55,53.5538209013199,1.1,1.1,921,150,2700
1910,55,53.5592530133655,1.1,1.1,921,150,2700
1911,55,53.5646630997447,1.1,1.1,921,150,2700
1912,55,53.5700512758512,1.1,1.1,921,150,2700
1913,55,53.5754176570787,1.1,1.1,921,150,2700
1914,55,53.5807623588208,1.1,1.1,921,150,2700
1915,55,53.5860854964714,1.1,1.1,921,150,2700
1916,55,53.5913871854242,1.1,1.1,921,150,2700
1917,55,53.596667541073,1.1,1.1,921,150,2700
1918,55,53.6019266788113,1.1,1.1,921,150,2700
1919,55,53.607164714033,1.1,1.1,921,150,2700
1920,55,53.6123817621318,1.1,1.1,921,150,2700
1921,55,53.6175779385015,1.1,1.1,921,150,2700
1922,55,53.6227533585357,1.1,1.1,921,150,2700
1923,55,53.6279081376282,1.1,1.1,921,150,2700
1924,55,53.6330423911728,1.1,1.1,921,150,2700
1925,55,53.638156234563,1.1,1.1,921,150,2700
1926,55,53.6432497831928,1.1,1.1,921,150,2700
1927,55,53.6483231524558,1.1,1.1,921,150,2700
1928,55,53.6533764577457,1.1,1.1,921,150,2700
1929,55,53.6584098144563,1.1,1.1,921,150,2700
1930,55,53.6634233379813,1.1,1.1,921,150,2700
1931,55,53.6684171437144,1.1,1.1,921,150,2700
1932,55,53.6733913470494,1.1,1.1,921,150,2700
1933,55,53.67834606338,1.1,1.1,921,150,2700
1934,55,53.6832814081,1.1,1.1,921,150,2700
1935,55,53.6881974966029,1.1,1.1,921,150,2700
1936,55,53.6930944442827,1.1,1.1,921,150,2700
1937,55,53.697972366533,1.1,1.1,921,150,2700
1938,55,53.7028313787475,1.1,1.1,921,150,2700
1939,55,53.70767159632,1.1,1.1,921,150,2700
1940,55,53.7124931346442,1.1,1.1,921,150,2700
1941,55,53.7172961091138,1.1,1.1,921,150,2700
1942,55,53.7220806351226,1.1,1.1,921,150,2700
1943,55,53.7268468280644,1.1,1.1,921,150,2700
1944,55,53.7315948033327,1.1,1.1,921,150,2700
1945,55,53.7363246763214,1.1,1.1,921,150,2700
1946,55,53.7410365624242,1.1,1.1,921,150,2700
1947,55,53.7457305770348,1.1,1.1,921,150,2700
1948,55,53.7504068355469,1.1,1.1,921,150,2700
1949,55,53.7550654533543,1.1,1.1,921,150,2700
1950,55,53.7597065458508,1.1,1.1,921,150,2700
1951,55,53.76433022843,1.1,1.1,921,150,2700
1952,55,53.7689366164856,1.1,1.1,921,150,2700
1953,55,53.7735258254115,1.1,1.1,921,150,2700
1954,55,53.7780979706012,1.1,1.1,921,150,2700
1955,55,53.7826531674487,1.1,1.1,921,150,2700
1956,55,53.7871915313475,1.1,1.1,921,150,2700
1957,55,53.7917131776915,1.1,1.1,921,150,2700
1958,55,53.7962182218743,1.1,1.1,921,150,2700
1959,55,53.8007067792896,1.1,1.1,921,150,2700
1960,55,53.8051789653314,1.1,1.1,921,150,2700
1961,55,53.8096348953931,1.1,1.1,921,150,2700
1962,55,53.8140746848686,1.1,1.1,921,150,2700
1963,55,53.8184984491516,1.1,1.1,921,150,2700
1964,55,53.8229063036359,1.1,1.1,921,150,2700
1965,55,53.8272983637151,1.1,1.1,921,150,2700
1966,55,53.831674744783,1.1,1.1,921,150,2700
1967,55,53.8360355622333,1.1,1.1,921,150,2700
1968,55,53.8403809314598,1.1,1.1,921,150,2700
1969,55,53.8447109678562,1.1,1.1,921,150,2700
1970,55,53.8490257868162,1.1,1.1,921,150,2700
1971,55,53.8533255037335,1.1,1.1,921,150,2700
1972,55,53.8576102340019,1.1,1.1,921,150,2700
1973,55,53.8618800930151,1.1,1.1,921,150,2700
1974,55,53.8661351961669,1.1,1.1,921,150,2700
1975,55,53.8703756588509,1.1,1.1,921,150,2700
1976,55,53.8746015964609,1.1,1.1,921,150,2700
1977,55,53.8788131243906,1.1,1.1,921,150,2700
1978,55,53.8830103580338,1.1,1.1,921,150,2700
1979,55,53.8871934127842,1.1,1.1,921,150,2700
1980,55,53.8913624040355,1.1,1.1,921,150,2700
1981,55,53.8955174471815,1.1,1.1,921,150,2700
1982,55,53.8996586576158,1.1,1.1,921,150,2700
1983,55,53.9037861507322,1.1,1.1,921,150,2700
1984,55,53.9079000419245,1.1,1.1,921,150,2700
1985,55,53.9120004465864,1.1,1.1,921,150,2700
1986,55,53.9160874801115,1.1,1.1,921,150,2700
1987,55,53.9201612578937,1.1,1.1,921,150,2700
1988,55,53.9242218953266,1.1,1.1,921,150,2700
1989,55,53.928269507804,1.1,1.1,921,150,2700
1990,55,53.9323042107197,1.1,1.1,921,150,2700
1991,55,53.9363261194673,1.1,1.1,921,150,2700
1992,55,53.9403353494405,1.1,1.1,921,150,2700
1993,55,53.9443320160332,1.1,1.1,921,150,2700
1994,55,53.9483162346391,1.1,1.1,921,150,2700
1995,55,53.9522881206518,1.1,1.1,921,150,2700
1996,55,53.9562477894651,1.1,1.1,921,150,2700
1997,55,53.9601953564727,1.1,1.1,921,150,2700
1998,55,53.9641309370684,1.1,1.1,921,150,2700
1999,55,53.9680546466459,1.1,1.1,921,150,2700
2000,55,53.9719666005989,1.1,1.1,921,150,2700
2001,55,53.9758669143212,1.1,1.1,921,150,2700
2002,55,53.9797557032064,1.1,1.1,921,150,2700
2003,55,53.9836330826484,1.1,1.1,921,150,2700
2004,55,53.9874991680408,1.1,1.1,921,150,2700
2005,55,53.9913540747774,1.1,1.1,921,150,2700
2006,55,53.9951979182519,1.1,1.1,921,150,2700
2007,55,53.999030813858,1.1,1.1,921,150,2700
2008,55,54.0028528769895,1.1,1.1,921,150,2700
2009,55,54.0066642230401,1.1,1.1,921,150,2700
2010,55,54.0104649674035,1.1,1.1,921,150,2700
2011,55,54.0142552254734,1.1,1.1,921,150,2700
2012,55,54.0180351126437,1.1,1.1,921,150,2700
2013,55,54.021804744308,1.1,1.1,921,150,2700
2014,55,54.02556423586,1.1,1.1,921,150,2700
2015,55,54.0293137026935,1.1,1.1,921,150,2700
2016,55,54.0330532602022,1.1,1.1,921,150,2700
2017,55,54.0367830237798,1.1,1.1,921,150,2700
2018,55,54.0405031088201,1.1,1.1,921,150,2700
2019,55,54.0442136307168,1.1,1.1,921,150,2700
2020,55,54.0479147048637,1.1,1.1,921,150,2700
2021,55,54.0515830341843,1.1,1.1,921,150,2700
2022,55,54.0550443121975,1.1,1.1,921,150,2700
2023,55,54.0584916029882,1.1,1.1,921,150,2700
2024,55,54.0619249860918,1.1,1.1,921,150,2700
2025,55,54.0653445410437,1.1,1.1,921,150,2700
2026,55,54.0687503473792,1.1,1.1,921,150,2700
2027,55,54.0721424846337,1.1,1.1,921,150,2700
2028,55,54.0755210323427,1.1,1.1,921,150,2700
2029,55,54.0788860700414,1.1,1.1,921,150,2700
2030,55,54.0822376772653,1.1,1.1,921,150,2700
2031,55,54.0855759335498,1.1,1.1,921,150,2700
2032,55,54.0889009184301,1.1,1.1,921,150,2700
2033,55,54.0922127114418,1.1,1.1,921,150,2700
2034,55,54.0955113921201,1.1,1.1,921,150,2700
2035,55,54.0987970400005,1.1,1.1,921,150,2700
2036,55,54.1020697346183,1.1,1.1,921,150,2700
2037,55,54.1053295555089,1.1,1.1,921,150,2700
2038,55,54.1085765822077,1.1,1.1,921,150,2700
2039,55,54.11181089425,1.1,1.1,921,150,2700
2040,55,54.1150325711713,1.1,1.1,921,150,2700
2041,55,54.1182416925068,1.1,1.1,921,150,2700
2042,55,54.1214383377921,1.1,1.1,921,150,2700
2043,55,54.1246225865624,1.1,1.1,921,150,2700
2044,55,54.1277945183532,1.1,1.1,921,150,2700
2045,55,54.1309542126998,1.1,1.1,921,150,2700
2046,55,54.1341017491376,1.1,1.1,921,150,2700
2047,55,54.1372372072019,1.1,1.1,921,150,2700
2048,55,54.1403606664283,1.1,1.1,921,150,2700
2049,55,54.1434722063519,1.1,1.1,921,150,2700
2050,55,54.1465719065082,1.1,1.1,921,150,2700
2051,55,54.1496598464327,1.1,1.1,921,150,2700
2052,55,54.1527361056605,1.1,1.1,921,150,2700
2053,55,54.1558007637273,1.1,1.1,921,150,2700
2054,55,54.1588539001682,1.1,1.1,921,150,2700
2055,55,54.1618955945187,1.1,1.1,921,150,2700
2056,55,54.1649259263142,1.1,1.1,921,150,2700
2057,55,54.1679449750901,1.1,1.1,921,150,2700
2058,55,54.1709528203816,1.1,1.1,921,150,2700
2059,55,54.1739495417243,1.1,1.1,921,150,2700
2060,55,54.1769352186534,1.1,1.1,921,150,2700
2061,55,54.1799099307044,1.1,1.1,921,150,2700
2062,55,54.1828737574127,1.1,1.1,921,150,2700
2063,55,54.1858267783135,1.1,1.1,921,150,2700
2064,55,54.1887690729423,1.1,1.1,921,150,2700
2065,55,54.1917007208345,1.1,1.1,921,150,2700
2066,55,54.1946218015254,1.1,1.1,921,150,2700
2067,55,54.1975323945504,1.1,1.1,921,150,2700
2068,55,54.200432579445,1.1,1.1,921,150,2700
2069,55,54.2033224357444,1.1,1.1,921,150,2700
2070,55,54.206202042984,1.1,1.1,921,150,2700
2071,55,54.2090714806993,1.1,1.1,921,150,2700
2072,55,54.2119308284256,1.1,1.1,921,150,2700
2073,55,54.2147801656982,1.1,1.1,921,150,2700
2074,55,54.2176195720527,1.1,1.1,921,150,2700
2075,55,54.2204491270242,1.1,1.1,921,150,2700
2076,55,54.2232689101483,1.1,1.1,921,150,2700
2077,55,54.2260790009602,1.1,1.1,921,150,2700
2078,55,54.2288794789954,1.1,1.1,921,150,2700
2079,55,54.2316704237893,1.1,1.1,921,150,2700
2080,55,54.2344519148772,1.1,1.1,921,150,2700
2081,55,54.2372240317944,1.1,1.1,921,150,2700
2082,55,54.2399868540765,1.1,1.1,921,150,2700
2083,55,54.2427404612587,1.1,1.1,921,150,2700
2084,55,54.2454849328764,1.1,1.1,921,150,2700
2085,55,54.2482203484651,1.1,1.1,921,150,2700
2086,55,54.25094678756,1.1,1.1,921,150,2700
2087,55,54.2536643296966,1.1,1.1,921,150,2700
2088,55,54.2563730544102,1.1,1.1,921,150,2700
2089,55,54.2590730412362,1.1,1.1,921,150,2700
2090,55,54.2617643697101,1.1,1.1,921,150,2700
2091,55,54.264447119367,1.1,1.1,921,150,2700
2092,55,54.2671213697426,1.1,1.1,921,150,2700
2093,55,54.269787200372,1.1,1.1,921,150,2700
2094,55,54.2724446907908,1.1,1.1,921,150,2700
2095,55,54.2750939205343,1.1,1.1,921,150,2700
2096,55,54.2777349691377,1.1,1.1,921,150,2700
2097,55,54.2803679161367,1.1,1.1,921,150,2700
2098,55,54.2829928410664,1.1,1.1,921,150,2700
2099,55,54.2856098234623,1.1,1.1,921,150,2700
2100,55,54.2882189428598,1.1,1.1,921,150,2700
2101,55,54.2908202787942,1.1,1.1,921,150,2700
2102,55,54.293413910801,1.1,1.1,921,150,2700
2103,55,54.2959999184154,1.1,1.1,921,150,2700
2104,55,54.2985783811729,1.1,1.1,921,150,2700
2105,55,54.3011493786089,1.1,1.1,921,150,2700
2106,55,54.3037129902587,1.1,1.1,921,150,2700
2107,55,54.3062692956577,1.1,1.1,921,150,2700
2108,55,54.3088183743413,1.1,1.1,921,150,2700
2109,55,54.3113603058448,1.1,1.1,921,150,2700
2110,55,54.3138951697037,1.1,1.1,921,150,2700
2111,55,54.3164230454532,1.1,1.1,921,150,2700
2112,55,54.3189440126289,1.1,1.1,921,150,2700
2113,55,54.321458150766,1.1,1.1,921,150,2700
2114,55,54.3239655394,1.1,1.1,921,150,2700
2115,55,54.3264662580662,1.1,1.1,921,150,2700
2116,55,54.3289603863,1.1,1.1,921,150,2700
2117,55,54.3314480036368,1.1,1.1,921,150,2700
2118,55,54.3339291896119,1.1,1.1,921,150,2700
2119,55,54.3364040237608,1.1,1.1,921,150,2700
2120,55,54.3388725856187,1.1,1.1,921,150,2700
2121,55,54.3413349547212,1.1,1.1,921,150,2700
2122,55,54.3437912106035,1.1,1.1,921,150,2700
2123,55,54.346241432801,1.1,1.1,921,150,2700
2124,55,54.3486857008492,1.1,1.1,921,150,2700
2125,55,54.3511240942833,1.1,1.1,921,150,2700
2126,55,54.3535566926389,1.1,1.1,921,150,2700
2127,55,54.3559835754511,1.1,1.1,921,150,2700
2128,55,54.3584048222555,1.1,1.1,921,150,2700
2129,55,54.3608205125874,1.1,1.1,921,150,2700
2130,55,54.3632307259822,1.1,1.1,921,150,2700
2131,55,54.3656355419752,1.1,1.1,921,150,2700
2132,55,54.3680350401019,1.1,1.1,921,150,2700
2133,55,54.3704292998976,1.1,1.1,921,150,2700
2134,55,54.3728184008976,1.1,1.1,921,150,2700
2135,55,54.3752024226374,1.1,1.1,921,150,2700
2136,55,54.3775814446524,1.1,1.1,921,150,2700
2137,55,54.3799555464779,1.1,1.1,921,150,2700
2138,55,54.3823248076493,1.1,1.1,921,150,2700
2139,55,54.3846893077019,1.1,1.1,921,150,2700
2140,55,54.3870491261712,1.1,1.1,921,150,2700
2141,55,54.3894043425925,1.1,1.1,921,150,2700
2142,55,54.3917550365013,1.1,1.1,921,150,2700
2143,55,54.3941012874328,1.1,1.1,921,150,2700
2144,55,54.3964431749225,1.1,1.1,921,150,2700
2145,55,54.3987807785057,1.1,1.1,921,150,2700
2146,55,54.4011141777178,1.1,1.1,921,150,2700
2147,55,54.4034434520942,1.1,1.1,921,150,2700
2148,55,54.4057686811703,1.1,1.1,921,150,2700
2149,55,54.4080899444814,1.1,1.1,921,150,2700
2150,55,54.410407321563,1.1,1.1,921,150,2700
2151,55,54.4127208919503,1.1,1.1,921,150,2700
2152,55,54.4150307351789,1.1,1.1,921,150,2700
2153,55,54.4173369307839,1.1,1.1,921,150,2700
2154,55,54.4196395583009,1.1,1.1,921,150,2700
2155,55,54.4219386972653,1.1,1.1,921,150,2700
2156,55,54.4242344272123,1.1,1.1,921,150,2700
2157,55,54.4263229494496,1.1,1.1,921,150,2700
2158,55,54.4283963573985,1.1,1.1,921,150,2700
2159,55,54.4304618899552,1.1,1.1,921,150,2700
2160,55,54.4325195923389,1.1,1.1,921,150,2700
2161,55,54.4345695097688,1.1,1.1,921,150,2700
2162,55,54.4366116874643,1.1,1.1,921,150,2700
2163,55,54.4386461706446,1.1,1.1,921,150,2700
2164,55,54.440673004529,1.1,1.1,921,150,2700
2165,55,54.4426922343369,1.1,1.1,921,150,2700
2166,55,54.4447039052874,1.1,1.1,921,150,2700
2167,55,54.4467080625999,1.1,1.1,921,150,2700
2168,55,54.4487047514936,1.1,1.1,921,150,2700
2169,55,54.4506940171879,1.1,1.1,921,150,2700
2170,55,54.452675904902,1.1,1.1,921,150,2700
2171,55,54.4546504598551,1.1,1.1,921,150,2700
2172,55,54.4566177272667,1.1,1.1,921,150,2700
2173,55,54.4585777523558,1.1,1.1,921,150,2700
2174,55,54.460530580342,1.1,1.1,921,150,2700
2175,55,54.4624762564443,1.1,1.1,921,150,2700
2176,55,54.4644148258822,1.1,1.1,921,150,2700
2177,55,54.4663463338748,1.1,1.1,921,150,2700
2178,55,54.4682708256415,1.1,1.1,921,150,2700
2179,55,54.4701883464015,1.1,1.1,921,150,2700
2180,55,54.4720989413742,1.1,1.1,921,150,2700
2181,55,54.4740026557788,1.1,1.1,921,150,2700
2182,55,54.4758995348345,1.1,1.1,921,150,2700
2183,55,54.4777896237608,1.1,1.1,921,150,2700
2184,55,54.4796729677768,1.1,1.1,921,150,2700
2185,55,54.4815496121018,1.1,1.1,921,150,2700
2186,55,54.4834196019552,1.1,1.1,921,150,2700
2187,55,54.4852829825561,1.1,1.1,921,150,2700
2188,55,54.487139799124,1.1,1.1,921,150,2700
2189,55,54.488990096878,1.1,1.1,921,150,2700
2190,55,54.4908339210374,1.1,1.1,921,150,2700
2191,55,54.4926713168216,1.1,1.1,921,150,2700
2192,55,54.4945023294498,1.1,1.1,921,150,2700
2193,55,54.4963270041413,1.1,1.1,921,150,2700
2194,55,54.4981453861153,1.1,1.1,921,150,2700
2195,55,54.4999575205912,1.1,1.1,921,150,2700
2196,55,54.5017634527883,1.1,1.1,921,150,2700
2197,55,54.5035632279258,1.1,1.1,921,150,2700
2198,55,54.505356891223,1.1,1.1,921,150,2700
2199,55,54.5071444878991,1.1,1.1,921,150,2700
2200,55,54.5089260631735,1.1,1.1,921,150,2700
2201,55,54.5107016622655,1.1,1.1,921,150,2700
2202,55,54.5124713303943,1.1,1.1,921,150,2700
2203,55,54.5142351127792,1.1,1.1,921,150,2700
2204,55,54.5159930546395,1.1,1.1,921,150,2700
2205,55,54.5177452011945,1.1,1.1,921,150,2700
2206,55,54.5194915976635,1.1,1.1,921,150,2700
2207,55,54.5212322892656,1.1,1.1,921,150,2700
2208,55,54.5229673212203,1.1,1.1,921,150,2700
2209,55,54.5246967387468,1.1,1.1,921,150,2700
2210,55,54.5264205870644,1.1,1.1,921,150,2700
2211,55,54.5281389113924,1.1,1.1,921,150,2700
2212,55,54.52985175695,1.1,1.1,921,150,2700
2213,55,54.5315591689565,1.1,1.1,921,150,2700
2214,55,54.5332611926313,1.1,1.1,921,150,2700
2215,55,54.5349578731935,1.1,1.1,921,150,2700
2216,55,54.5366492558625,1.1,1.1,921,150,2700
2217,55,54.5383353858576,1.1,1.1,921,150,2700
2218,55,54.540016308398,1.1,1.1,921,150,2700
2219,55,54.5416920687031,1.1,1.1,921,150,2700
2220,55,54.543362711992,1.1,1.1,921,150,2700
2221,55,54.5450282834841,1.1,1.1,921,150,2700
2222,55,54.5466888283987,1.1,1.1,921,150,2700
2223,55,54.5483443919551,1.1,1.1,921,150,2700
2224,55,54.5499950193724,1.1,1.1,921,150,2700
2225,55,54.5516407558701,1.1,1.1,921,150,2700
2226,55,54.5532816466674,1.1,1.1,921,150,2700
2227,55,54.5549177369836,1.1,1.1,921,150,2700
2228,55,54.5565490720379,1.1,1.1,921,150,2700
2229,55,54.5581756970496,1.1,1.1,921,150,2700
2230,55,54.5597976572381,1.1,1.1,921,150,2700
2231,55,54.5614149978226,1.1,1.1,921,150,2700
2232,55,54.5630277640224,1.1,1.1,921,150,2700
2233,55,54.5646360010567,1.1,1.1,921,150,2700
2234,55,54.5662397541449,1.1,1.1,921,150,2700
2235,55,54.5678390685062,1.1,1.1,921,150,2700
2236,55,54.5694339893599,1.1,1.1,921,150,2700
2237,55,54.5710245619254,1.1,1.1,921,150,2700
2238,55,54.5726108314218,1.1,1.1,921,150,2700
2239,55,54.5741928430684,1.1,1.1,921,150,2700
2240,55,54.5757706420846,1.1,1.1,921,150,2700
2241,55,54.5773442736897,1.1,1.1,921,150,2700
2242,55,54.5789137831028,1.1,1.1,921,150,2700
2243,55,54.5804792155433,1.1,1.1,921,150,2700
2244,55,54.5820406162305,1.1,1.1,921,150,2700
2245,55,54.5835980303837,1.1,1.1,921,150,2700
2246,55,54.585151503222,1.1,1.1,921,150,2700
2247,55,54.5867010799649,1.1,1.1,921,150,2700
2248,55,54.5882468058316,1.1,1.1,921,150,2700
2249,55,54.5897887260414,1.1,1.1,921,150,2700
2250,55,54.5913268858135,1.1,1.1,921,150,2700
2251,55,54.5928613303673,1.1,1.1,921,150,2700
2252,55,54.594392104922,1.1,1.1,921,150,2700
2253,55,54.5959192546969,1.1,1.1,921,150,2700
2254,55,54.5974428249112,1.1,1.1,921,150,2700
2255,55,54.5989628607844,1.1,1.1,921,150,2700
2256,55,54.6004794075356,1.1,1.1,921,150,2700
2257,55,54.6019925103841,1.1,1.1,921,150,2700
2258,55,54.6035022145493,1.1,1.1,921,150,2700
2259,55,54.6050085652503,1.1,1.1,921,150,2700
2260,55,54.6065116077066,1.1,1.1,921,150,2700
2261,55,54.6080113871372,1.1,1.1,921,150,2700
2262,55,54.6095079487617,1.1,1.1,921,150,2700
2263,55,54.6110013377991,1.1,1.1,921,150,2700
2264,55,54.6124915994689,1.1,1.1,921,150,2700
2265,55,54.6139787789903,1.1,1.1,921,150,2700
2266,55,54.6154629215825,1.1,1.1,921,150,2700
2267,55,54.6169440724648,1.1,1.1,921,150,2700
2268,55,54.6184222768567,1.1,1.1,921,150,2700
2269,55,54.6198975799772,1.1,1.1,921,150,2700
2270,55,54.6213700270457,1.1,1.1,921,150,2700
2271,55,54.6228396632815,1.1,1.1,921,150,2700
2272,55,54.6243065339039,1.1,1.1,921,150,2700
2273,55,54.6257706841321,1.1,1.1,921,150,2700
2274,55,54.6272321591854,1.1,1.1,921,150,2700
2275,55,54.6286910042831,1.1,1.1,921,150,2700
2276,55,54.6301472646446,1.1,1.1,921,150,2700
2277,55,54.631600985489,1.1,1.1,921,150,2700
2278,55,54.6330522120356,1.1,1.1,921,150,2700
2279,55,54.6345009895038,1.1,1.1,921,150,2700
2280,55,54.6359473631128,1.1,1.1,921,150,2700
2281,55,54.6373913780819,1.1,1.1,921,150,2700
2282,55,54.6388330796304,1.1,1.1,921,150,2700
2283,55,54.6402725129775,1.1,1.1,921,150,2700
2284,55,54.6417097233426,1.1,1.1,921,150,2700
2285,55,54.6431447559449,1.1,1.1,921,150,2700
2286,55,54.6445776560038,1.1,1.1,921,150,2700
2287,55,54.6460084687384,1.1,1.1,921,150,2700
2288,55,54.6474372393681,1.1,1.1,921,150,2700
2289,55,54.6488640131121,1.1,1.1,921,150,2700
2290,55,54.6502888351898,1.1,1.1,921,150,2700
2291,55,54.6517117508204,1.1,1.1,921,150,2700
2292,55,54.6530223552434,1.1,1.1,921,150,2700
2293,55,54.6543048426208,1.1,1.1,921,150,2700
2294,55,54.6555825707915,1.1,1.1,921,150,2700
2295,55,54.6568555631561,1.1,1.1,921,150,2700
2296,55,54.658123843115,1.1,1.1,921,150,2700
2297,55,54.6593874340688,1.1,1.1,921,150,2700
2298,55,54.6606463594181,1.1,1.1,921,150,2700
2299,55,54.6619006425633,1.1,1.1,921,150,2700
2300,55,54.6631503069051,1.1,1.1,921,150,2700
2301,55,54.6643953758438,1.1,1.1,921,150,2700
2302,55,54.6656358727801,1.1,1.1,921,150,2700
2303,55,54.6668718211145,1.1,1.1,921,150,2700
2304,55,54.6681032442475,1.1,1.1,921,150,2700
2305,55,54.6693301655797,1.1,1.1,921,150,2700
2306,55,54.6705526085115,1.1,1.1,921,150,2700
2307,55,54.6717705964435,1.1,1.1,921,150,2700
2308,55,54.6729841527762,1.1,1.1,921,150,2700
2309,55,54.6741933009103,1.1,1.1,921,150,2700
2310,55,54.6753980642461,1.1,1.1,921,150,2700
2311,55,54.6765984661842,1.1,1.1,921,150,2700
2312,55,54.6777945301252,1.1,1.1,921,150,2700
2313,55,54.6789862794695,1.1,1.1,921,150,2700
2314,55,54.6801737376178,1.1,1.1,921,150,2700
2315,55,54.6813569279705,1.1,1.1,921,150,2700
2316,55,54.6825358739282,1.1,1.1,921,150,2700
2317,55,54.6837105988913,1.1,1.1,921,150,2700
2318,55,54.6848811262605,1.1,1.1,921,150,2700
2319,55,54.6860474794363,1.1,1.1,921,150,2700
2320,55,54.6872096818192,1.1,1.1,921,150,2700
2321,55,54.6883677568096,1.1,1.1,921,150,2700
2322,55,54.6895217278082,1.1,1.1,921,150,2700
2323,55,54.6906716182155,1.1,1.1,921,150,2700
2324,55,54.691817451432,1.1,1.1,921,150,2700
2325,55,54.6929592508583,1.1,1.1,921,150,2700
2326,55,54.6940970398948,1.1,1.1,921,150,2700
2327,55,54.6952308419421,1.1,1.1,921,150,2700
2328,55,54.6963606804007,1.1,1.1,921,150,2700
2329,55,54.6974865786712,1.1,1.1,921,150,2700
2330,55,54.698608560154,1.1,1.1,921,150,2700
2331,55,54.6997266482498,1.1,1.1,921,150,2700
2332,55,54.700840866359,1.1,1.1,921,150,2700
2333,55,54.7019512378822,1.1,1.1,921,150,2700
2334,55,54.7030577862199,1.1,1.1,921,150,2700
2335,55,54.7041605347726,1.1,1.1,921,150,2700
2336,55,54.7052595069409,1.1,1.1,921,150,2700
2337,55,54.7063547261253,1.1,1.1,921,150,2700
2338,55,54.7074462157263,1.1,1.1,921,150,2700
2339,55,54.7085339991444,1.1,1.1,921,150,2700
2340,55,54.7096180997803,1.1,1.1,921,150,2700
2341,55,54.7106985410343,1.1,1.1,921,150,2700
2342,55,54.7117753463071,1.1,1.1,921,150,2700
2343,55,54.7128485389991,1.1,1.1,921,150,2700
2344,55,54.713918142511,1.1,1.1,921,150,2700
2345,55,54.7149841802432,1.1,1.1,921,150,2700
2346,55,54.7160466755962,1.1,1.1,921,150,2700
2347,55,54.7171056519706,1.1,1.1,921,150,2700
2348,55,54.718161132767,1.1,1.1,921,150,2700
2349,55,54.7192131413858,1.1,1.1,921,150,2700
2350,55,54.7202617012276,1.1,1.1,921,150,2700
2351,55,54.7213068356928,1.1,1.1,921,150,2700
2352,55,54.7223485681822,1.1,1.1,921,150,2700
2353,55,54.723386922096,1.1,1.1,921,150,2700
2354,55,54.724421920835,1.1,1.1,921,150,2700
2355,55,54.7254535877996,1.1,1.1,921,150,2700
2356,55,54.7264819463904,1.1,1.1,921,150,2700
2357,55,54.7275070200078,1.1,1.1,921,150,2700
2358,55,54.7285288320525,1.1,1.1,921,150,2700
2359,55,54.7295474059249,1.1,1.1,921,150,2700
2360,55,54.7305627650256,1.1,1.1,921,150,2700
2361,55,54.7315749327551,1.1,1.1,921,150,2700
2362,55,54.7325839325139,1.1,1.1,921,150,2700
2363,55,54.7335897877025,1.1,1.1,921,150,2700
2364,55,54.7345925217216,1.1,1.1,921,150,2700
2365,55,54.7355921579716,1.1,1.1,921,150,2700
2366,55,54.7365887198531,1.1,1.1,921,150,2700
2367,55,54.7375822307665,1.1,1.1,921,150,2700
2368,55,54.7385727141124,1.1,1.1,921,150,2700
2369,55,54.7395601932914,1.1,1.1,921,150,2700
2370,55,54.7405446917039,1.1,1.1,921,150,2700
2371,55,54.7415262327506,1.1,1.1,921,150,2700
2372,55,54.7425048398319,1.1,1.1,921,150,2700
2373,55,54.7434805363483,1.1,1.1,921,150,2700
2374,55,54.7444533457004,1.1,1.1,921,150,2700
2375,55,54.7454232912888,1.1,1.1,921,150,2700
2376,55,54.7463903965139,1.1,1.1,921,150,2700
2377,55,54.7473546847762,1.1,1.1,921,150,2700
2378,55,54.7483161794764,1.1,1.1,921,150,2700
2379,55,54.7492749040149,1.1,1.1,921,150,2700
2380,55,54.7502308817923,1.1,1.1,921,150,2700
2381,55,54.7511841362091,1.1,1.1,921,150,2700
2382,55,54.7521346906658,1.1,1.1,921,150,2700
2383,55,54.753082568563,1.1,1.1,921,150,2700
2384,55,54.7540277933011,1.1,1.1,921,150,2700
2385,55,54.7549703882808,1.1,1.1,921,150,2700
2386,55,54.7559103769025,1.1,1.1,921,150,2700
2387,55,54.7568477825668,1.1,1.1,921,150,2700
2388,55,54.7577826286742,1.1,1.1,921,150,2700
2389,55,54.7587149386252,1.1,1.1,921,150,2700
2390,55,54.7596447358204,1.1,1.1,921,150,2700
2391,55,54.7605720436602,1.1,1.1,921,150,2700
2392,55,54.7614968855453,1.1,1.1,921,150,2700
2393,55,54.7624192848762,1.1,1.1,921,150,2700
2394,55,54.7633392650533,1.1,1.1,921,150,2700
2395,55,54.7642568494773,1.1,1.1,921,150,2700
2396,55,54.7651720615486,1.1,1.1,921,150,2700
2397,55,54.7660849246677,1.1,1.1,921,150,2700
2398,55,54.7669954622353,1.1,1.1,921,150,2700
2399,55,54.7679036976518,1.1,1.1,921,150,2700
2400,55,54.7688096543177,1.1,1.1,921,150,2700
2401,55,54.7697133556337,1.1,1.1,921,150,2700
2402,55,54.7706148250001,1.1,1.1,921,150,2700
2403,55,54.7715140858176,1.1,1.1,921,150,2700
2404,55,54.7724111614867,1.1,1.1,921,150,2700
2405,55,54.7733060754079,1.1,1.1,921,150,2700
2406,55,54.7741988509817,1.1,1.1,921,150,2700
2407,55,54.7750895116087,1.1,1.1,921,150,2700
2408,55,54.7759780806894,1.1,1.1,921,150,2700
2409,55,54.7768645816244,1.1,1.1,921,150,2700
2410,55,54.777749037814,1.1,1.1,921,150,2700
2411,55,54.778631472659,1.1,1.1,921,150,2700
2412,55,54.7795119095598,1.1,1.1,921,150,2700
2413,55,54.7803903719169,1.1,1.1,921,150,2700
2414,55,54.7812668831309,1.1,1.1,921,150,2700
2415,55,54.7821414666023,1.1,1.1,921,150,2700
2416,55,54.7830141457317,1.1,1.1,921,150,2700
2417,55,54.7838849439195,1.1,1.1,921,150,2700
2418,55,54.7847538845663,1.1,1.1,921,150,2700
2419,55,54.7856209910726,1.1,1.1,921,150,2700
2420,55,54.786486286839,1.1,1.1,921,150,2700
2421,55,54.7873497952659,1.1,1.1,921,150,2700
2422,55,54.788211539754,1.1,1.1,921,150,2700
2423,55,54.7890715437037,1.1,1.1,921,150,2700
2424,55,54.7899298305156,1.1,1.1,921,150,2700
2425,55,54.7907864235902,1.1,1.1,921,150,2700
2426,55,54.791641346328,1.1,1.1,921,150,2700
2427,55,54.7924513682538,1.1,1.1,921,150,2700
2428,55,54.793238454931,1.1,1.1,921,150,2700
2429,55,54.794022527625,1.1,1.1,921,150,2700
2430,55,54.7948035994029,1.1,1.1,921,150,2700
2431,55,54.7955816833319,1.1,1.1,921,150,2700
2432,55,54.7963567924792,1.1,1.1,921,150,2700
2433,55,54.797128939912,1.1,1.1,921,150,2700
2434,55,54.7978981386976,1.1,1.1,921,150,2700
2435,55,54.798664401903,1.1,1.1,921,150,2700
2436,55,54.7994277425955,1.1,1.1,921,150,2700
2437,55,54.8001881738424,1.1,1.1,921,150,2700
2438,55,54.8009457087107,1.1,1.1,921,150,2700
2439,55,54.8017003602676,1.1,1.1,921,150,2700
2440,55,54.8024521415805,1.1,1.1,921,150,2700
2441,55,54.8032010657164,1.1,1.1,921,150,2700
2442,55,54.8039471457425,1.1,1.1,921,150,2700
2443,55,54.8046903947261,1.1,1.1,921,150,2700
2444,55,54.8054308257344,1.1,1.1,921,150,2700
2445,55,54.8061684518345,1.1,1.1,921,150,2700
2446,55,54.8069032860936,1.1,1.1,921,150,2700
2447,55,54.807635341579,1.1,1.1,921,150,2700
2448,55,54.8083646313577,1.1,1.1,921,150,2700
2449,55,54.8090911684971,1.1,1.1,921,150,2700
2450,55,54.8098149660643,1.1,1.1,921,150,2700
2451,55,54.8105360371265,1.1,1.1,921,150,2700
2452,55,54.8112543947509,1.1,1.1,921,150,2700
2453,55,54.8119700520048,1.1,1.1,921,150,2700
2454,55,54.8126830219551,1.1,1.1,921,150,2700
2455,55,54.8133933176693,1.1,1.1,921,150,2700
2456,55,54.8141009522145,1.1,1.1,921,150,2700
2457,55,54.8148059386578,1.1,1.1,921,150,2700
2458,55,54.8155082900665,1.1,1.1,921,150,2700
2459,55,54.8162080195077,1.1,1.1,921,150,2700
2460,55,54.8169051400487,1.1,1.1,921,150,2700
2461,55,54.8175996647566,1.1,1.1,921,150,2700
2462,55,54.8182916066987,1.1,1.1,921,150,2700
2463,55,54.8189809789422,1.1,1.1,921,150,2700
2464,55,54.8196677945541,1.1,1.1,921,150,2700
2465,55,54.8203520666018,1.1,1.1,921,150,2700
2466,55,54.8210338081524,1.1,1.1,921,150,2700
2467,55,54.8217130322731,1.1,1.1,921,150,2700
2468,55,54.8223897520311,1.1,1.1,921,150,2700
2469,55,54.8230639804936,1.1,1.1,921,150,2700
2470,55,54.8237357307278,1.1,1.1,921,150,2700
2471,55,54.8244050158009,1.1,1.1,921,150,2700
2472,55,54.8250718487801,1.1,1.1,921,150,2700
2473,55,54.8257362427326,1.1,1.1,921,150,2700
2474,55,54.8263982107255,1.1,1.1,921,150,2700
2475,55,54.8270577658261,1.1,1.1,921,150,2700
2476,55,54.8277149211016,1.1,1.1,921,150,2700
2477,55,54.8283696896191,1.1,1.1,921,150,2700
2478,55,54.8290220844458,1.1,1.1,921,150,2700
2479,55,54.829672118649,1.1,1.1,921,150,2700
2480,55,54.8303198052959,1.1,1.1,921,150,2700
2481,55,54.8309651574536,1.1,1.1,921,150,2700
2482,55,54.8316081881893,1.1,1.1,921,150,2700
2483,55,54.8322489105702,1.1,1.1,921,150,2700
2484,55,54.8328873376635,1.1,1.1,921,150,2700
2485,55,54.8335234825365,1.1,1.1,921,150,2700
2486,55,54.8341573582562,1.1,1.1,921,150,2700
2487,55,54.83478897789,1.1,1.1,921,150,2700
2488,55,54.8354183545049,1.1,1.1,921,150,2700
2489,55,54.8360455011683,1.1,1.1,921,150,2700
2490,55,54.8366704309472,1.1,1.1,921,150,2700
2491,55,54.8372931569089,1.1,1.1,921,150,2700
2492,55,54.8379136921205,1.1,1.1,921,150,2700
2493,55,54.8385320496493,1.1,1.1,921,150,2700
2494,55,54.8391482425625,1.1,1.1,921,150,2700
2495,55,54.8397622839272,1.1,1.1,921,150,2700
2496,55,54.8403741868107,1.1,1.1,921,150,2700
2497,55,54.8409839642801,1.1,1.1,921,150,2700
2498,55,54.8415916294027,1.1,1.1,921,150,2700
2499,55,54.8421971952455,1.1,1.1,921,150,2700
2500,55,54.8428006748759,1.1,1.1,921,150,2700
2501,55,54.843402081361,1.1,1.1,921,150,2700
2502,55,54.844001427768,1.1,1.1,921,150,2700
2503,55,54.8445987271642,1.1,1.1,921,150,2700
2504,55,54.8451939926166,1.1,1.1,921,150,2700
2505,55,54.8457872371925,1.1,1.1,921,150,2700
2506,55,54.8463784739591,1.1,1.1,921,150,2700
2507,55,54.8469677159836,1.1,1.1,921,150,2700
2508,55,54.8475549763332,1.1,1.1,921,150,2700
2509,55,54.848140268075,1.1,1.1,921,150,2700
2510,55,54.8487236042763,1.1,1.1,921,150,2700
2511,55,54.8493049980043,1.1,1.1,921,150,2700
2512,55,54.8498844623261,1.1,1.1,921,150,2700
2513,55,54.850462010309,1.1,1.1,921,150,2700
2514,55,54.8510376550201,1.1,1.1,921,150,2700
2515,55,54.8516114095266,1.1,1.1,921,150,2700
2516,55,54.8521832868958,1.1,1.1,921,150,2700
2517,55,54.8527533001948,1.1,1.1,921,150,2700
2518,55,54.8533214624908,1.1,1.1,921,150,2700
2519,55,54.853887786851,1.1,1.1,921,150,2700
2520,55,54.8544522863426,1.1,1.1,921,150,2700
2521,55,54.8550149740329,1.1,1.1,921,150,2700
2522,55,54.8555758629889,1.1,1.1,921,150,2700
2523,55,54.8561349662779,1.1,1.1,921,150,2700
2524,55,54.8566922969671,1.1,1.1,921,150,2700
2525,55,54.8572478681237,1.1,1.1,921,150,2700
2526,55,54.8578016928149,1.1,1.1,921,150,2700
2527,55,54.8583537841078,1.1,1.1,921,150,2700
2528,55,54.8589041550697,1.1,1.1,921,150,2700
2529,55,54.8594528187677,1.1,1.1,921,150,2700
2530,55,54.8599997882691,1.1,1.1,921,150,2700
2531,55,54.8605450766411,1.1,1.1,921,150,2700
2532,55,54.8610886969507,1.1,1.1,921,150,2700
2533,55,54.8616306622653,1.1,1.1,921,150,2700
2534,55,54.8621709856521,1.1,1.1,921,150,2700
2535,55,54.8627096801781,1.1,1.1,921,150,2700
2536,55,54.8632467589107,1.1,1.1,921,150,2700
2537,55,54.863782234917,1.1,1.1,921,150,2700
2538,55,54.8643161212641,1.1,1.1,921,150,2700
2539,55,54.8648484310194,1.1,1.1,921,150,2700
2540,55,54.86537917725,1.1,1.1,921,150,2700
2541,55,54.865908373023,1.1,1.1,921,150,2700
2542,55,54.8664360314058,1.1,1.1,921,150,2700
2543,55,54.8669621654654,1.1,1.1,921,150,2700
2544,55,54.8674867882691,1.1,1.1,921,150,2700
2545,55,54.868009912884,1.1,1.1,921,150,2700
2546,55,54.8685315523774,1.1,1.1,921,150,2700
2547,55,54.8690517198164,1.1,1.1,921,150,2700
2548,55,54.8695704282683,1.1,1.1,921,150,2700
2549,55,54.8700876908003,1.1,1.1,921,150,2700
2550,55,54.8706035204794,1.1,1.1,921,150,2700
2551,55,54.8711179303731,1.1,1.1,921,150,2700
2552,55,54.8716309335483,1.1,1.1,921,150,2700
2553,55,54.8721425430723,1.1,1.1,921,150,2700
2554,55,54.8726527720124,1.1,1.1,921,150,2700
2555,55,54.8731616334356,1.1,1.1,921,150,2700
2556,55,54.8736691404093,1.1,1.1,921,150,2700
2557,55,54.8741753060005,1.1,1.1,921,150,2700
2558,55,54.8746801432766,1.1,1.1,921,150,2700
2559,55,54.8751836653046,1.1,1.1,921,150,2700
2560,55,54.8756858851518,1.1,1.1,921,150,2700
2561,55,54.8761868158853,1.1,1.1,921,150,2700
2562,55,54.8766525880348,1.1,1.1,921,150,2700
2563,55,54.8770877362936,1.1,1.1,921,150,2700
2564,55,54.8775208592696,1.1,1.1,921,150,2700
2565,55,54.8779519668608,1.1,1.1,921,150,2700
2566,55,54.8783810689652,1.1,1.1,921,150,2700
2567,55,54.8788081754807,1.1,1.1,921,150,2700
2568,55,54.8792332963054,1.1,1.1,921,150,2700
2569,55,54.8796564413373,1.1,1.1,921,150,2700
2570,55,54.8800776204743,1.1,1.1,921,150,2700
2571,55,54.8804968436145,1.1,1.1,921,150,2700
2572,55,54.8809141206559,1.1,1.1,921,150,2700
2573,55,54.8813294614963,1.1,1.1,921,150,2700
2574,55,54.881742876034,1.1,1.1,921,150,2700
2575,55,54.8821543741667,1.1,1.1,921,150,2700
2576,55,54.8825639657926,1.1,1.1,921,150,2700
2577,55,54.8829716608096,1.1,1.1,921,150,2700
2578,55,54.8833774691157,1.1,1.1,921,150,2700
2579,55,54.8837814006089,1.1,1.1,921,150,2700
2580,55,54.8841834651873,1.1,1.1,921,150,2700
2581,55,54.8845836727487,1.1,1.1,921,150,2700
2582,55,54.8849820331913,1.1,1.1,921,150,2700
2583,55,54.8853785564129,1.1,1.1,921,150,2700
2584,55,54.8857732523116,1.1,1.1,921,150,2700
2585,55,54.8861661307854,1.1,1.1,921,150,2700
2586,55,54.8865572017323,1.1,1.1,921,150,2700
2587,55,54.8869464750503,1.1,1.1,921,150,2700
2588,55,54.8873339606373,1.1,1.1,921,150,2700
2589,55,54.8877196683914,1.1,1.1,921,150,2700
2590,55,54.8881036082105,1.1,1.1,921,150,2700
2591,55,54.8884857899927,1.1,1.1,921,150,2700
2592,55,54.888866223636,1.1,1.1,921,150,2700
2593,55,54.8892449190383,1.1,1.1,921,150,2700
2594,55,54.8896218860976,1.1,1.1,921,150,2700
2595,55,54.8899971347119,1.1,1.1,921,150,2700
2596,55,54.8903706747793,1.1,1.1,921,150,2700
2597,55,54.8907425161977,1.1,1.1,921,150,2700
2598,55,54.8911126688652,1.1,1.1,921,150,2700
2599,55,54.8914811426796,1.1,1.1,921,150,2700
2600,55,54.8918479475391,1.1,1.1,921,150,2700
2601,55,54.8922130933415,1.1,1.1,921,150,2700
2602,55,54.892576589985,1.1,1.1,921,150,2700
2603,55,54.8929384473674,1.1,1.1,921,150,2700
2604,55,54.8932986753868,1.1,1.1,921,150,2700
2605,55,54.8936572839412,1.1,1.1,921,150,2700
2606,55,54.8940142829286,1.1,1.1,921,150,2700
2607,55,54.894369682247,1.1,1.1,921,150,2700
2608,55,54.8947234917943,1.1,1.1,921,150,2700
2609,55,54.8950757214686,1.1,1.1,921,150,2700
2610,55,54.8954263811679,1.1,1.1,921,150,2700
2611,55,54.89577548079,1.1,1.1,921,150,2700
2612,55,54.8961230302332,1.1,1.1,921,150,2700
2613,55,54.8964690393953,1.1,1.1,921,150,2700
2614,55,54.8968135181743,1.1,1.1,921,150,2700
2615,55,54.8971564764683,1.1,1.1,921,150,2700
2616,55,54.8974979241752,1.1,1.1,921,150,2700
2617,55,54.897837871193,1.1,1.1,921,150,2700
2618,55,54.8981763274197,1.1,1.1,921,150,2700
2619,55,54.8985133027533,1.1,1.1,921,150,2700
2620,55,54.8988488070919,1.1,1.1,921,150,2700
2621,55,54.8991828503333,1.1,1.1,921,150,2700
2622,55,54.8995154423757,1.1,1.1,921,150,2700
2623,55,54.8998465931169,1.1,1.1,921,150,2700
2624,55,54.900176312455,1.1,1.1,921,150,2700
2625,55,54.900504610288,1.1,1.1,921,150,2700
2626,55,54.9008314965139,1.1,1.1,921,150,2700
2627,55,54.9011569810307,1.1,1.1,921,150,2700
2628,55,54.9014810737363,1.1,1.1,921,150,2700
2629,55,54.9018037845288,1.1,1.1,921,150,2700
2630,55,54.9021251233061,1.1,1.1,921,150,2700
2631,55,54.9024450999663,1.1,1.1,921,150,2700
2632,55,54.9027637244074,1.1,1.1,921,150,2700
2633,55,54.9030810065272,1.1,1.1,921,150,2700
2634,55,54.903396956224,1.1,1.1,921,150,2700
2635,55,54.9037115833955,1.1,1.1,921,150,2700
2636,55,54.9040248979399,1.1,1.1,921,150,2700
2637,55,54.9043369097551,1.1,1.1,921,150,2700
2638,55,54.9046476287391,1.1,1.1,921,150,2700
2639,55,54.9049570647899,1.1,1.1,921,150,2700
2640,55,54.9052652278056,1.1,1.1,921,150,2700
2641,55,54.905572127684,1.1,1.1,921,150,2700
2642,55,54.9058777743233,1.1,1.1,921,150,2700
2643,55,54.9061821776213,1.1,1.1,921,150,2700
2644,55,54.9064853474761,1.1,1.1,921,150,2700
2645,55,54.9067872937857,1.1,1.1,921,150,2700
2646,55,54.9070880264481,1.1,1.1,921,150,2700
2647,55,54.9073875553612,1.1,1.1,921,150,2700
2648,55,54.9076858904231,1.1,1.1,921,150,2700
2649,55,54.9079830415318,1.1,1.1,921,150,2700
2650,55,54.9082790185852,1.1,1.1,921,150,2700
2651,55,54.9085738314814,1.1,1.1,921,150,2700
2652,55,54.9088674901183,1.1,1.1,921,150,2700
2653,55,54.909160004394,1.1,1.1,921,150,2700
2654,55,54.9094513842064,1.1,1.1,921,150,2700
2655,55,54.9097416394535,1.1,1.1,921,150,2700
2656,55,54.9100307800334,1.1,1.1,921,150,2700
2657,55,54.910318815844,1.1,1.1,921,150,2700
2658,55,54.9106057567833,1.1,1.1,921,150,2700
2659,55,54.9108916127493,1.1,1.1,921,150,2700
2660,55,54.91117639364,1.1,1.1,921,150,2700
2661,55,54.9114601093534,1.1,1.1,921,150,2700
2662,55,54.9117427697875,1.1,1.1,921,150,2700
2663,55,54.9120243848403,1.1,1.1,921,150,2700
2664,55,54.9123049644098,1.1,1.1,921,150,2700
2665,55,54.912584518394,1.1,1.1,921,150,2700
2666,55,54.9128630566908,1.1,1.1,921,150,2700
2667,55,54.9131405891984,1.1,1.1,921,150,2700
2668,55,54.9134171258145,1.1,1.1,921,150,2700
2669,55,54.9136926764374,1.1,1.1,921,150,2700
2670,55,54.9139672509649,1.1,1.1,921,150,2700
2671,55,54.914240859295,1.1,1.1,921,150,2700
2672,55,54.9145135113259,1.1,1.1,921,150,2700
2673,55,54.9147852169553,1.1,1.1,921,150,2700
2674,55,54.9150559860814,1.1,1.1,921,150,2700
2675,55,54.9153258286021,1.1,1.1,921,150,2700
2676,55,54.9155947544154,1.1,1.1,921,150,2700
2677,55,54.9158627734194,1.1,1.1,921,150,2700
2678,55,54.916129895512,1.1,1.1,921,150,2700
2679,55,54.9163961305911,1.1,1.1,921,150,2700
2680,55,54.9166614885549,1.1,1.1,921,150,2700
2681,55,54.9169259793013,1.1,1.1,921,150,2700
2682,55,54.9171896127283,1.1,1.1,921,150,2700
2683,55,54.9174523987339,1.1,1.1,921,150,2700
2684,55,54.917714347216,1.1,1.1,921,150,2700
2685,55,54.9179754680728,1.1,1.1,921,150,2700
2686,55,54.9182357712021,1.1,1.1,921,150,2700
2687,55,54.918495266502,1.1,1.1,921,150,2700
2688,55,54.9187539638705,1.1,1.1,921,150,2700
2689,55,54.9190118732055,1.1,1.1,921,150,2700
2690,55,54.919269004405,1.1,1.1,921,150,2700
2691,55,54.9195253673672,1.1,1.1,921,150,2700
2692,55,54.9197809719898,1.1,1.1,921,150,2700
2693,55,54.9200358281711,1.1,1.1,921,150,2700
2694,55,54.9202899458088,1.1,1.1,921,150,2700
2695,55,54.9205433348011,1.1,1.1,921,150,2700
2696,55,54.9207960050459,1.1,1.1,921,150,2700
2697,55,54.9210479664412,1.1,1.1,921,150,2700
2698,55,54.921299228885,1.1,1.1,921,150,2700
2699,55,54.9215498022754,1.1,1.1,921,150,2700
2700,55,54.9217996965102,1.1,1.1,921,150,2700
2701,55,54.9220489214876,1.1,1.1,921,150,2700
2702,55,54.9222974871054,1.1,1.1,921,150,2700
2703,55,54.9225454032618,1.1,1.1,921,150,2700
2704,55,54.9227926798546,1.1,1.1,921,150,2700
2705,55,54.9230393267819,1.1,1.1,921,150,2700
2706,55,54.9232853539417,1.1,1.1,921,150,2700
2707,55,54.923530771232,1.1,1.1,921,150,2700
2708,55,54.9237755885507,1.1,1.1,921,150,2700
2709,55,54.9240198157959,1.1,1.1,921,150,2700
2710,55,54.9242634628655,1.1,1.1,921,150,2700
2711,55,54.9245065396576,1.1,1.1,921,150,2700
2712,55,54.9247490560701,1.1,1.1,921,150,2700
2713,55,54.9249910220011,1.1,1.1,921,150,2700
2714,55,54.9252324473485,1.1,1.1,921,150,2700
2715,55,54.9254733420103,1.1,1.1,921,150,2700
2716,55,54.9257137158846,1.1,1.1,921,150,2700
2717,55,54.9259535788692,1.1,1.1,921,150,2700
2718,55,54.9261929408623,1.1,1.1,921,150,2700
2719,55,54.9264318117618,1.1,1.1,921,150,2700
2720,55,54.9266702014658,1.1,1.1,921,150,2700
2721,55,54.9269081198721,1.1,1.1,921,150,2700
2722,55,54.9271455768788,1.1,1.1,921,150,2700
2723,55,54.9273825823839,1.1,1.1,921,150,2700
2724,55,54.9276191462853,1.1,1.1,921,150,2700
2725,55,54.9278552784812,1.1,1.1,921,150,2700
2726,55,54.9280909888694,1.1,1.1,921,150,2700
2727,55,54.928326287348,1.1,1.1,921,150,2700
2728,55,54.928561183815,1.1,1.1,921,150,2700
2729,55,54.9287956881683,1.1,1.1,921,150,2700
2730,55,54.929029810306,1.1,1.1,921,150,2700
2731,55,54.9292635601261,1.1,1.1,921,150,2700
2732,55,54.9294969475265,1.1,1.1,921,150,2700
2733,55,54.9297299824052,1.1,1.1,921,150,2700
2734,55,54.9299626746602,1.1,1.1,921,150,2700
2735,55,54.9301950341896,1.1,1.1,921,150,2700
2736,55,54.9304270708913,1.1,1.1,921,150,2700
2737,55,54.9306587946634,1.1,1.1,921,150,2700
2738,55,54.9308902154037,1.1,1.1,921,150,2700
2739,55,54.9311213430103,1.1,1.1,921,150,2700
2740,55,54.9313521873813,1.1,1.1,921,150,2700
2741,55,54.9315827584146,1.1,1.1,921,150,2700
2742,55,54.9318130660081,1.1,1.1,921,150,2700
2743,55,54.93204312006,1.1,1.1,921,150,2700
2744,55,54.9322729304681,1.1,1.1,921,150,2700
2745,55,54.9325025071305,1.1,1.1,921,150,2700
2746,55,54.9327318599452,1.1,1.1,921,150,2700
2747,55,54.9329609988101,1.1,1.1,921,150,2700
2748,55,54.9331899336233,1.1,1.1,921,150,2700
2749,55,54.9334186742828,1.1,1.1,921,150,2700
2750,55,54.9336472306865,1.1,1.1,921,150,2700
2751,55,54.9338756127325,1.1,1.1,921,150,2700
2752,55,54.9341038303187,1.1,1.1,921,150,2700
2753,55,54.9343318933432,1.1,1.1,921,150,2700
2754,55,54.9345598117039,1.1,1.1,921,150,2700
2755,55,54.9347875952988,1.1,1.1,921,150,2700
2756,55,54.935015254026,1.1,1.1,921,150,2700
2757,55,54.9352427977833,1.1,1.1,921,150,2700
2758,55,54.9354702364689,1.1,1.1,921,150,2700
2759,55,54.9356975799807,1.1,1.1,921,150,2700
2760,55,54.9359248382167,1.1,1.1,921,150,2700
2761,55,54.9361520210749,1.1,1.1,921,150,2700
2762,55,54.9363791384533,1.1,1.1,921,150,2700
2763,55,54.9366062002499,1.1,1.1,921,150,2700
2764,55,54.9368332163627,1.1,1.1,921,150,2700
2765,55,54.9370601966896,1.1,1.1,921,150,2700
2766,55,54.9372871511287,1.1,1.1,921,150,2700
2767,55,54.937514089578,1.1,1.1,921,150,2700
2768,55,54.9377410219355,1.1,1.1,921,150,2700
2769,55,54.9379679580991,1.1,1.1,921,150,2700
2770,55,54.9381949079668,1.1,1.1,921,150,2700
2771,55,54.9384218814367,1.1,1.1,921,150,2700
2772,55,54.9386488884068,1.1,1.1,921,150,2700
2773,55,54.938875938775,1.1,1.1,921,150,2700
2774,55,54.9391030424393,1.1,1.1,921,150,2700
2775,55,54.9393302092978,1.1,1.1,921,150,2700
2776,55,54.9395574492484,1.1,1.1,921,150,2700
2777,55,54.9397847721891,1.1,1.1,921,150,2700
2778,55,54.9400121880179,1.1,1.1,921,150,2700
2779,55,54.9402397066328,1.1,1.1,921,150,2700
2780,55,54.9404673379318,1.1,1.1,921,150,2700
2781,55,54.940695091813,1.1,1.1,921,150,2700
2782,55,54.9409229781742,1.1,1.1,921,150,2700
2783,55,54.9411510069135,1.1,1.1,921,150,2700
2784,55,54.9413791879289,1.1,1.1,921,150,2700
2785,55,54.9416075311184,1.1,1.1,921,150,2700
2786,55,54.9418360463799,1.1,1.1,921,150,2700
2787,55,54.9420647436115,1.1,1.1,921,150,2700
2788,55,54.9422936327112,1.1,1.1,921,150,2700
2789,55,54.9425227235769,1.1,1.1,921,150,2700
2790,55,54.9427520261067,1.1,1.1,921,150,2700
2791,55,54.9429815501986,1.1,1.1,921,150,2700
2792,55,54.9432113057505,1.1,1.1,921,150,2700
2793,55,54.9434413026604,1.1,1.1,921,150,2700
2794,55,54.9436715508263,1.1,1.1,921,150,2700
2795,55,54.9439020601463,1.1,1.1,921,150,2700
2796,55,54.9441328405183,1.1,1.1,921,150,2700
2797,55,54.9443639018403,1.1,1.1,921,150,2700
2798,55,54.9445952540104,1.1,1.1,921,150,2700
2799,55,54.9448269069264,1.1,1.1,921,150,2700
2800,55,54.9450588704865,1.1,1.1,921,150,2700
2801,55,54.9452911545885,1.1,1.1,921,150,2700
2802,55,54.9455237691306,1.1,1.1,921,150,2700
2803,55,54.9457567240106,1.1,1.1,921,150,2700
2804,55,54.9459900291266,1.1,1.1,921,150,2700
2805,55,54.9461868508436,1.1,1.1,921,150,2700
2806,55,54.9463331079247,1.1,1.1,921,150,2700
2807,55,54.9464786677358,1.1,1.1,921,150,2700
2808,55,54.9466235357702,1.1,1.1,921,150,2700
2809,55,54.9467677175206,1.1,1.1,921,150,2700
2810,55,54.9469112184802,1.1,1.1,921,150,2700
2811,55,54.9470540441419,1.1,1.1,921,150,2700
2812,55,54.9471961999987,1.1,1.1,921,150,2700
2813,55,54.9473376915438,1.1,1.1,921,150,2700
2814,55,54.9474785242699,1.1,1.1,921,150,2700
2815,55,54.9476187036703,1.1,1.1,921,150,2700
2816,55,54.9477582352378,1.1,1.1,921,150,2700
2817,55,54.9478971244654,1.1,1.1,921,150,2700
2818,55,54.9480353768463,1.1,1.1,921,150,2700
2819,55,54.9481729978733,1.1,1.1,921,150,2700
2820,55,54.9483099930396,1.1,1.1,921,150,2700
2821,55,54.948446367838,1.1,1.1,921,150,2700
2822,55,54.9485821277616,1.1,1.1,921,150,2700
2823,55,54.9487172783034,1.1,1.1,921,150,2700
2824,55,54.9488518249565,1.1,1.1,921,150,2700
2825,55,54.9489857732137,1.1,1.1,921,150,2700
2826,55,54.9491191285682,1.1,1.1,921,150,2700
2827,55,54.9492518965129,1.1,1.1,921,150,2700
2828,55,54.9493840825409,1.1,1.1,921,150,2700
2829,55,54.949515692145,1.1,1.1,921,150,2700
2830,55,54.9496467308185,1.1,1.1,921,150,2700
2831,55,54.9497772040541,1.1,1.1,921,150,2700
2832,55,54.949907117345,1.1,1.1,921,150,2700
2833,55,54.9500364761842,1.1,1.1,921,150,2700
2834,55,54.9501652860647,1.1,1.1,921,150,2700
2835,55,54.9502935524794,1.1,1.1,921,150,2700
2836,55,54.9504212809214,1.1,1.1,921,150,2700
2837,55,54.9505484768837,1.1,1.1,921,150,2700
2838,55,54.9506751458592,1.1,1.1,921,150,2700
2839,55,54.9508012933411,1.1,1.1,921,150,2700
2840,55,54.9509269248222,1.1,1.1,921,150,2700
2841,55,54.9510520457957,1.1,1.1,921,150,2700
2842,55,54.9511766617544,1.1,1.1,921,150,2700
2843,55,54.9513007781915,1.1,1.1,921,150,2700
2844,55,54.9514244005999,1.1,1.1,921,150,2700
2845,55,54.9515475344726,1.1,1.1,921,150,2700
2846,55,54.9516701853027,1.1,1.1,921,150,2700
2847,55,54.951792358583,1.1,1.1,921,150,2700
2848,55,54.9519140598068,1.1,1.1,921,150,2700
2849,55,54.9520352944668,1.1,1.1,921,150,2700
2850,55,54.9521560680562,1.1,1.1,921,150,2700
2851,55,54.952276386068,1.1,1.1,921,150,2700
2852,55,54.9523962539951,1.1,1.1,921,150,2700
2853,55,54.9525156773306,1.1,1.1,921,150,2700
2854,55,54.9526346615675,1.1,1.1,921,150,2700
2855,55,54.9527532121988,1.1,1.1,921,150,2700
2856,55,54.9528713347174,1.1,1.1,921,150,2700
2857,55,54.9529890346164,1.1,1.1,921,150,2700
2858,55,54.9531063173889,1.1,1.1,921,150,2700
2859,55,54.9532231885277,1.1,1.1,921,150,2700
2860,55,54.9533396535259,1.1,1.1,921,150,2700
2861,55,54.9534557178765,1.1,1.1,921,150,2700
2862,55,54.9535713870726,1.1,1.1,921,150,2700
2863,55,54.9536866666071,1.1,1.1,921,150,2700
2864,55,54.953801561973,1.1,1.1,921,150,2700
2865,55,54.9539160786633,1.1,1.1,921,150,2700
2866,55,54.954030222171,1.1,1.1,921,150,2700
2867,55,54.9541439979893,1.1,1.1,921,150,2700
2868,55,54.9542574116109,1.1,1.1,921,150,2700
2869,55,54.954370468529,1.1,1.1,921,150,2700
2870,55,54.9544831742366,1.1,1.1,921,150,2700
2871,55,54.9545955342266,1.1,1.1,921,150,2700
2872,55,54.9547075539921,1.1,1.1,921,150,2700
2873,55,54.9548192390261,1.1,1.1,921,150,2700
2874,55,54.9549305948216,1.1,1.1,921,150,2700
2875,55,54.9550416268715,1.1,1.1,921,150,2700
2876,55,54.9551523406689,1.1,1.1,921,150,2700
2877,55,54.9552627417069,1.1,1.1,921,150,2700
2878,55,54.9553728354783,1.1,1.1,921,150,2700
2879,55,54.9554826274762,1.1,1.1,921,150,2700
2880,55,54.9555921231937,1.1,1.1,921,150,2700
2881,55,54.9557013281237,1.1,1.1,921,150,2700
2882,55,54.9558102477592,1.1,1.1,921,150,2700
2883,55,54.9559188875932,1.1,1.1,921,150,2700
2884,55,54.9560272531187,1.1,1.1,921,150,2700
2885,55,54.9561353498288,1.1,1.1,921,150,2700
2886,55,54.9562431832165,1.1,1.1,921,150,2700
2887,55,54.9563507587747,1.1,1.1,921,150,2700
2888,55,54.9564580819964,1.1,1.1,921,150,2700
2889,55,54.9565651583747,1.1,1.1,921,150,2700
2890,55,54.9566719934026,1.1,1.1,921,150,2700
2891,55,54.9567785925731,1.1,1.1,921,150,2700
2892,55,54.9568849613791,1.1,1.1,921,150,2700
2893,55,54.9569911053137,1.1,1.1,921,150,2700
2894,55,54.9570970298699,1.1,1.1,921,150,2700
2895,55,54.9572027405407,1.1,1.1,921,150,2700
2896,55,54.9573082428191,1.1,1.1,921,150,2700
2897,55,54.9574135421981,1.1,1.1,921,150,2700
2898,55,54.9575186441707,1.1,1.1,921,150,2700
2899,55,54.9576235542299,1.1,1.1,921,150,2700
2900,55,54.9577282778687,1.1,1.1,921,150,2700
2901,55,54.9578328205802,1.1,1.1,921,150,2700
2902,55,54.9579371878573,1.1,1.1,921,150,2700
2903,55,54.958041385193,1.1,1.1,921,150,2700
2904,55,54.9581454180804,1.1,1.1,921,150,2700
2905,55,54.9582492920124,1.1,1.1,921,150,2700
2906,55,54.9583530124821,1.1,1.1,921,150,2700
2907,55,54.9584565849824,1.1,1.1,921,150,2700
2908,55,54.9585600150064,1.1,1.1,921,150,2700
2909,55,54.9586633080471,1.1,1.1,921,150,2700
2910,55,54.9587664695974,1.1,1.1,921,150,2700
2911,55,54.9588695051504,1.1,1.1,921,150,2700
2912,55,54.9589724201991,1.1,1.1,921,150,2700
2913,55,54.9590752202365,1.1,1.1,921,150,2700
2914,55,54.9591779107556,1.1,1.1,921,150,2700
2915,55,54.9592804972494,1.1,1.1,921,150,2700
2916,55,54.9593829852109,1.1,1.1,921,150,2700
2917,55,54.9594853801331,1.1,1.1,921,150,2700
2918,55,54.959587687509,1.1,1.1,921,150,2700
2919,55,54.9596899128316,1.1,1.1,921,150,2700
2920,55,54.959792061594,1.1,1.1,921,150,2700
2921,55,54.9598941392891,1.1,1.1,921,150,2700
2922,55,54.95999615141,1.1,1.1,921,150,2700
2923,55,54.9600981034496,1.1,1.1,921,150,2700
2924,55,54.9602000009009,1.1,1.1,921,150,2700
2925,55,54.960301849257,1.1,1.1,921,150,2700
2926,55,54.9604036540109,1.1,1.1,921,150,2700
2927,55,54.9605054206555,1.1,1.1,921,150,2700
2928,55,54.9606071546839,1.1,1.1,921,150,2700
2929,55,54.9607088615891,1.1,1.1,921,150,2700
2930,55,54.960810546864,1.1,1.1,921,150,2700
2931,55,54.9609122160017,1.1,1.1,921,150,2700
2932,55,54.9610138744953,1.1,1.1,921,150,2700
2933,55,54.9611155278376,1.1,1.1,921,150,2700
2934,55,54.9612171815217,1.1,1.1,921,150,2700
2935,55,54.9613188410407,1.1,1.1,921,150,2700
2936,55,54.9614205118874,1.1,1.1,921,150,2700
2937,55,54.961522199555,1.1,1.1,921,150,2700
2938,55,54.9616239095364,1.1,1.1,921,150,2700
2939,55,54.9617256473247,1.1,1.1,921,150,2700
2940,55,54.9618274184127,1.1,1.1,921,150,2700
2941,55,54.9619292282936,1.1,1.1,921,150,2700
2942,55,54.9620310824604,1.1,1.1,921,150,2700
2943,55,54.962132986406,1.1,1.1,921,150,2700
2944,55,54.9622349456235,1.1,1.1,921,150,2700
2945,55,54.9623369656058,1.1,1.1,921,150,2700
2946,55,54.962439051846,1.1,1.1,921,150,2700
2947,55,54.9625412098371,1.1,1.1,921,150,2700
2948,55,54.962643445072,1.1,1.1,921,150,2700
2949,55,54.9627457630438,1.1,1.1,921,150,2700
2950,55,54.9628481692456,1.1,1.1,921,150,2700
2951,55,54.9629506691702,1.1,1.1,921,150,2700
2952,55,54.9630532683107,1.1,1.1,921,150,2700
2953,55,54.9631559721601,1.1,1.1,921,150,2700
2954,55,54.9632587862114,1.1,1.1,921,150,2700
2955,55,54.9633617159577,1.1,1.1,921,150,2700
2956,55,54.9634647668919,1.1,1.1,921,150,2700
2957,55,54.963567944507,1.1,1.1,921,150,2700
2958,55,54.963671254296,1.1,1.1,921,150,2700
2959,55,54.963774701752,1.1,1.1,921,150,2700
2960,55,54.9638782923679,1.1,1.1,921,150,2700
2961,55,54.9639820316368,1.1,1.1,921,150,2700
2962,55,54.9640859250516,1.1,1.1,921,150,2700
2963,55,54.9641899781054,1.1,1.1,921,150,2700
2964,55,54.9642941962911,1.1,1.1,921,150,2700
2965,55,54.9643985851018,1.1,1.1,921,150,2700
2966,55,54.9645031500305,1.1,1.1,921,150,2700
2967,55,54.9646078965702,1.1,1.1,921,150,2700
2968,55,54.9647128302138,1.1,1.1,921,150,2700
2969,55,54.9648179564545,1.1,1.1,921,150,2700
2970,55,54.9649232807851,1.1,1.1,921,150,2700
2971,55,54.9650288086988,1.1,1.1,921,150,2700
2972,55,54.9651345456884,1.1,1.1,921,150,2700
2973,55,54.9652404972471,1.1,1.1,921,150,2700
2974,55,54.9653466688678,1.1,1.1,921,150,2700
2975,55,54.9654530660435,1.1,1.1,921,150,2700
2976,55,54.9655596942673,1.1,1.1,921,150,2700
2977,55,54.965666559032,1.1,1.1,921,150,2700
2978,55,54.9657736658309,1.1,1.1,921,150,2700
2979,55,54.9658810201567,1.1,1.1,921,150,2700
2980,55,54.9659886275026,1.1,1.1,921,150,2700
2981,55,54.9660964933616,1.1,1.1,921,150,2700
2982,55,54.9662046232266,1.1,1.1,921,150,2700
2983,55,54.9663130225907,1.1,1.1,921,150,2700
2984,55,54.9664216969469,1.1,1.1,921,150,2700
2985,55,54.9665306517882,1.1,1.1,921,150,2700
2986,55,54.9666398926075,1.1,1.1,921,150,2700
2987,55,54.9667494248979,1.1,1.1,921,150,2700
2988,55,54.9668592541525,1.1,1.1,921,150,2700
2989,55,54.9669693858641,1.1,1.1,921,150,2700
2990,55,54.9670798255258,1.1,1.1,921,150,2700
2991,55,54.9671905786306,1.1,1.1,921,150,2700
2992,55,54.9673016506716,1.1,1.1,921,150,2700
2993,55,54.9674130471417,1.1,1.1,921,150,2700
2994,55,54.9675247735339,1.1,1.1,921,150,2700
2995,55,54.9676368353412,1.1,1.1,921,150,2700
2996,55,54.9677492380567,1.1,1.1,921,150,2700
2997,55,54.9678619871733,1.1,1.1,921,150,2700
2998,55,54.967975088184,1.1,1.1,921,150,2700
2999,55,54.968088546582,1.1,1.1,921,150,2700
3000,55,54.96820236786,1.1,1.1,921,150,2700
3001,55,54.9683165575113,1.1,1.1,921,150,2700
3002,55,54.9684311210287,1.1,1.1,921,150,2700
3003,55,54.9685460639053,1.1,1.1,921,150,2700
3004,55,54.968661391634,1.1,1.1,921,150,2700
3005,55,54.968777109708,1.1,1.1,921,150,2700
3006,55,54.9688932236201,1.1,1.1,921,150,2700
3007,55,54.9690097388634,1.1,1.1,921,150,2700
3008,55,54.969126660931,1.1,1.1,921,150,2700
3009,55,54.9692439953157,1.1,1.1,921,150,2700
3010,55,54.9693617475107,1.1,1.1,921,150,2700
3011,55,54.9694799230089,1.1,1.1,921,150,2700
3012,55,54.9695985273033,1.1,1.1,921,150,2700
3013,55,54.9697175658869,1.1,1.1,921,150,2700
3014,55,54.9698370442528,1.1,1.1,921,150,2700
3015,55,54.9699569678939,1.1,1.1,921,150,2700
3016,55,54.9700773423032,1.1,1.1,921,150,2700
3017,55,54.9701981729738,1.1,1.1,921,150,2700
3018,55,54.9703194653987,1.1,1.1,921,150,2700
3019,55,54.9704412250708,1.1,1.1,921,150,2700
3020,55,54.9705634574832,1.1,1.1,921,150,2700
3021,55,54.9706861681288,1.1,1.1,921,150,2700
3022,55,54.9708093625008,1.1,1.1,921,150,2700
3023,55,54.970933046092,1.1,1.1,921,150,2700
3024,55,54.9710572243955,1.1,1.1,921,150,2700
3025,55,54.9711819029043,1.1,1.1,921,150,2700
3026,55,54.9713070871114,1.1,1.1,921,150,2700
3027,55,54.9714327825098,1.1,1.1,921,150,2700
3028,55,54.9715589945925,1.1,1.1,921,150,2700
3029,55,54.9716857288525,1.1,1.1,921,150,2700
3030,55,54.9718129907828,1.1,1.1,921,150,2700
3031,55,54.9719407858765,1.1,1.1,921,150,2700
3032,55,54.9720691196265,1.1,1.1,921,150,2700
3033,55,54.9721979975259,1.1,1.1,921,150,2700
3034,55,54.9723274250675,1.1,1.1,921,150,2700
3035,55,54.9724574077446,1.1,1.1,921,150,2700
3036,55,54.97258795105,1.1,1.1,921,150,2700
3037,55,54.9727190604767,1.1,1.1,921,150,2700
3038,55,54.9728507415178,1.1,1.1,921,150,2700
3039,55,54.9729829996663,1.1,1.1,921,150,2700
3040,55,54.9731158404151,1.1,1.1,921,150,2700
3041,55,54.9732492692574,1.1,1.1,921,150,2700
3042,55,54.973383291686,1.1,1.1,921,150,2700
3043,55,54.973517913194,1.1,1.1,921,150,2700
3044,55,54.9736531392744,1.1,1.1,921,150,2700
3045,55,54.9737889754202,1.1,1.1,921,150,2700
3046,55,54.9739254271244,1.1,1.1,921,150,2700
3047,55,54.97406249988,1.1,1.1,921,150,2700
3048,55,54.9741790029273,1.1,1.1,921,150,2700
3049,55,54.9742475076262,1.1,1.1,921,150,2700
3050,55,54.9743157921326,1.1,1.1,921,150,2700
3051,55,54.9743838584305,1.1,1.1,921,150,2700
3052,55,54.9744517085037,1.1,1.1,921,150,2700
3053,55,54.9745193443359,1.1,1.1,921,150,2700
3054,55,54.9745867679111,1.1,1.1,921,150,2700
3055,55,54.9746539812131,1.1,1.1,921,150,2700
3056,55,54.9747209862256,1.1,1.1,921,150,2700
3057,55,54.9747877849327,1.1,1.1,921,150,2700
3058,55,54.974854379318,1.1,1.1,921,150,2700
3059,55,54.9749207713654,1.1,1.1,921,150,2700
3060,55,54.9749869630588,1.1,1.1,921,150,2700
3061,55,54.975052956382,1.1,1.1,921,150,2700
3062,55,54.9751187533188,1.1,1.1,921,150,2700
3063,55,54.9751843558532,1.1,1.1,921,150,2700
3064,55,54.9752497659688,1.1,1.1,921,150,2700
3065,55,54.9753149856495,1.1,1.1,921,150,2700
3066,55,54.9753800168793,1.1,1.1,921,150,2700
3067,55,54.9754448616419,1.1,1.1,921,150,2700
3068,55,54.9755095219211,1.1,1.1,921,150,2700
3069,55,54.9755739997009,1.1,1.1,921,150,2700
3070,55,54.975638296965,1.1,1.1,921,150,2700
3071,55,54.9757024156972,1.1,1.1,921,150,2700
3072,55,54.9757663578815,1.1,1.1,921,150,2700
3073,55,54.9758301255016,1.1,1.1,921,150,2700
3074,55,54.9758937205414,1.1,1.1,921,150,2700
3075,55,54.9759571449847,1.1,1.1,921,150,2700
3076,55,54.9760204008154,1.1,1.1,921,150,2700
3077,55,54.9760834900173,1.1,1.1,921,150,2700
3078,55,54.9761464145742,1.1,1.1,921,150,2700
3079,55,54.97620917647,1.1,1.1,921,150,2700
3080,55,54.9762717776885,1.1,1.1,921,150,2700
3081,55,54.9763342202136,1.1,1.1,921,150,2700
3082,55,54.976396506029,1.1,1.1,921,150,2700
3083,55,54.9764586371187,1.1,1.1,921,150,2700
3084,55,54.9765206154664,1.1,1.1,921,150,2700
3085,55,54.976582443056,1.1,1.1,921,150,2700
3086,55,54.9766441218714,1.1,1.1,921,150,2700
3087,55,54.9767056538963,1.1,1.1,921,150,2700
3088,55,54.9767670411146,1.1,1.1,921,150,2700
3089,55,54.9768282855102,1.1,1.1,921,150,2700
3090,55,54.9768893890669,1.1,1.1,921,150,2700
3091,55,54.9769503537685,1.1,1.1,921,150,2700
3092,55,54.9770111815988,1.1,1.1,921,150,2700
3093,55,54.9770718745418,1.1,1.1,921,150,2700
3094,55,54.9771324345812,1.1,1.1,921,150,2700
3095,55,54.9771928637008,1.1,1.1,921,150,2700
3096,55,54.9772531638846,1.1,1.1,921,150,2700
3097,55,54.9773133371163,1.1,1.1,921,150,2700
3098,55,54.9773733853798,1.1,1.1,921,150,2700
3099,55,54.9774333106589,1.1,1.1,921,150,2700
3100,55,54.9774931149375,1.1,1.1,921,150,2700
3101,55,54.9775528001993,1.1,1.1,921,150,2700
3102,55,54.9776123684283,1.1,1.1,921,150,2700
3103,55,54.9776718216083,1.1,1.1,921,150,2700
3104,55,54.9777311617231,1.1,1.1,921,150,2700
3105,55,54.9777903907565,1.1,1.1,921,150,2700
3106,55,54.9778495106924,1.1,1.1,921,150,2700
3107,55,54.9779085235147,1.1,1.1,921,150,2700
3108,55,54.9779674312071,1.1,1.1,921,150,2700
3109,55,54.9780262357535,1.1,1.1,921,150,2700
3110,55,54.9780849391377,1.1,1.1,921,150,2700
3111,55,54.9781435433436,1.1,1.1,921,150,2700
3112,55,54.978202050355,1.1,1.1,921,150,2700
3113,55,54.9782604621557,1.1,1.1,921,150,2700
3114,55,54.9783187807296,1.1,1.1,921,150,2700
3115,55,54.9783770080606,1.1,1.1,921,150,2700
3116,55,54.9784351461324,1.1,1.1,921,150,2700
3117,55,54.9784931969289,1.1,1.1,921,150,2700
3118,55,54.9785511624339,1.1,1.1,921,150,2700
3119,55,54.9786090446313,1.1,1.1,921,150,2700
3120,55,54.9786668455049,1.1,1.1,921,150,2700
3121,55,54.9787245670386,1.1,1.1,921,150,2700
3122,55,54.9787822112161,1.1,1.1,921,150,2700
3123,55,54.9788397800213,1.1,1.1,921,150,2700
3124,55,54.9788972754382,1.1,1.1,921,150,2700
3125,55,54.9789546994503,1.1,1.1,921,150,2700
3126,55,54.9790120540418,1.1,1.1,921,150,2700
3127,55,54.9790693411963,1.1,1.1,921,150,2700
3128,55,54.9791265628977,1.1,1.1,921,150,2700
3129,55,54.9791837211298,1.1,1.1,921,150,2700
3130,55,54.9792408178766,1.1,1.1,921,150,2700
3131,55,54.9792978551217,1.1,1.1,921,150,2700
3132,55,54.9793548348491,1.1,1.1,921,150,2700
3133,55,54.9794117590426,1.1,1.1,921,150,2700
3134,55,54.9794686296861,1.1,1.1,921,150,2700
3135,55,54.9795254487633,1.1,1.1,921,150,2700
3136,55,54.9795822182581,1.1,1.1,921,150,2700
3137,55,54.9796389401543,1.1,1.1,921,150,2700
3138,55,54.9796956164358,1.1,1.1,921,150,2700
3139,55,54.9797522490865,1.1,1.1,921,150,2700
3140,55,54.9798088400901,1.1,1.1,921,150,2700
3141,55,54.9798653914305,1.1,1.1,921,150,2700
3142,55,54.9799219050915,1.1,1.1,921,150,2700
3143,55,54.979978383057,1.1,1.1,921,150,2700
3144,55,54.9800348273108,1.1,1.1,921,150,2700
3145,55,54.9800912398367,1.1,1.1,921,150,2700
3146,55,54.9801476226187,1.1,1.1,921,150,2700
3147,55,54.9802039776404,1.1,1.1,921,150,2700
3148,55,54.9802603068858,1.1,1.1,921,150,2700
3149,55,54.9803166123387,1.1,1.1,921,150,2700
3150,55,54.9803728959829,1.1,1.1,921,150,2700
3151,55,54.9804291598022,1.1,1.1,921,150,2700
3152,55,54.9804854057806,1.1,1.1,921,150,2700
3153,55,54.9805416359018,1.1,1.1,921,150,2700
3154,55,54.9805978521497,1.1,1.1,921,150,2700
3155,55,54.9806540565082,1.1,1.1,921,150,2700
3156,55,54.9807102509609,1.1,1.1,921,150,2700
3157,55,54.9807664374919,1.1,1.1,921,150,2700
3158,55,54.9808226180849,1.1,1.1,921,150,2700
3159,55,54.9808787947237,1.1,1.1,921,150,2700
3160,55,54.9809349693923,1.1,1.1,921,150,2700
3161,55,54.9809911440744,1.1,1.1,921,150,2700
3162,55,54.9810473207539,1.1,1.1,921,150,2700
3163,55,54.9811035014146,1.1,1.1,921,150,2700
3164,55,54.9811596880403,1.1,1.1,921,150,2700
3165,55,54.981215882615,1.1,1.1,921,150,2700
3166,55,54.9812720871223,1.1,1.1,921,150,2700
3167,55,54.9813283035462,1.1,1.1,921,150,2700
3168,55,54.9813845338706,1.1,1.1,921,150,2700
3169,55,54.9814407800791,1.1,1.1,921,150,2700
3170,55,54.9814970441558,1.1,1.1,921,150,2700
3171,55,54.9815533280844,1.1,1.1,921,150,2700
3172,55,54.9816096338487,1.1,1.1,921,150,2700
3173,55,54.9816659634326,1.1,1.1,921,150,2700
3174,55,54.9817223188199,1.1,1.1,921,150,2700
3175,55,54.9817787019945,1.1,1.1,921,150,2700
3176,55,54.9818351149402,1.1,1.1,921,150,2700
3177,55,54.9818915596409,1.1,1.1,921,150,2700
3178,55,54.9819480380803,1.1,1.1,921,150,2700
3179,55,54.9820045522423,1.1,1.1,921,150,2700
3180,55,54.9820611041108,1.1,1.1,921,150,2700
3181,55,54.9821176956695,1.1,1.1,921,150,2700
3182,55,54.9821743289024,1.1,1.1,921,150,2700
3183,55,54.9822310057933,1.1,1.1,921,150,2700
3184,55,54.982287728326,1.1,1.1,921,150,2700
3185,55,54.9823444984843,1.1,1.1,921,150,2700
3186,55,54.982401318252,1.1,1.1,921,150,2700
3187,55,54.9824581896131,1.1,1.1,921,150,2700
3188,55,54.9825151145514,1.1,1.1,921,150,2700
3189,55,54.9825720950506,1.1,1.1,921,150,2700
3190,55,54.9826291330946,1.1,1.1,921,150,2700
3191,55,54.9826862306674,1.1,1.1,921,150,2700
3192,55,54.9827433897526,1.1,1.1,921,150,2700
3193,55,54.9828006123341,1.1,1.1,921,150,2700
3194,55,54.9828579003959,1.1,1.1,921,150,2700
3195,55,54.9829152559216,1.1,1.1,921,150,2700
3196,55,54.9829726808952,1.1,1.1,921,150,2700
3197,55,54.9830301773005,1.1,1.1,921,150,2700
3198,55,54.9830877471213,1.1,1.1,921,150,2700
3199,55,54.9831453923414,1.1,1.1,921,150,2700
3200,55,54.9832031149448,1.1,1.1,921,150,2700
3201,55,54.9832609169152,1.1,1.1,921,150,2700
3202,55,54.9833188002365,1.1,1.1,921,150,2700
3203,55,54.9833767668925,1.1,1.1,921,150,2700
3204,55,54.983434818867,1.1,1.1,921,150,2700
3205,55,54.9834929581439,1.1,1.1,921,150,2700
3206,55,54.9835511867071,1.1,1.1,921,150,2700
3207,55,54.9836095065403,1.1,1.1,921,150,2700
3208,55,54.9836679196274,1.1,1.1,921,150,2700
3209,55,54.9837264279522,1.1,1.1,921,150,2700
3210,55,54.9837850334987,1.1,1.1,921,150,2700
3211,55,54.9838437382505,1.1,1.1,921,150,2700
3212,55,54.9839025441916,1.1,1.1,921,150,2700
3213,55,54.9839614533057,1.1,1.1,921,150,2700
3214,55,54.9840204675768,1.1,1.1,921,150,2700
3215,55,54.9840795889887,1.1,1.1,921,150,2700
3216,55,54.9841388195251,1.1,1.1,921,150,2700
3217,55,54.98419816117,1.1,1.1,921,150,2700
3218,55,54.9842576159071,1.1,1.1,921,150,2700
3219,55,54.9843171857204,1.1,1.1,921,150,2700
3220,55,54.9843768725936,1.1,1.1,921,150,2700
3221,55,54.9844366785106,1.1,1.1,921,150,2700
3222,55,54.9844966054552,1.1,1.1,921,150,2700
3223,55,54.9845566554113,1.1,1.1,921,150,2700
3224,55,54.9846168303627,1.1,1.1,921,150,2700
3225,55,54.9846771322932,1.1,1.1,921,150,2700
3226,55,54.9847375631867,1.1,1.1,921,150,2700
3227,55,54.984798125027,1.1,1.1,921,150,2700
3228,55,54.9848588197979,1.1,1.1,921,150,2700
3229,55,54.9849196494834,1.1,1.1,921,150,2700
3230,55,54.9849806160671,1.1,1.1,921,150,2700
3231,55,54.985041721533,1.1,1.1,921,150,2700
3232,55,54.9851029678649,1.1,1.1,921,150,2700
3233,55,54.9851643570467,1.1,1.1,921,150,2700
3234,55,54.9852258910621,1.1,1.1,921,150,2700
3235,55,54.985287571895,1.1,1.1,921,150,2700
3236,55,54.9853494015293,1.1,1.1,921,150,2700
3237,55,54.9854113819487,1.1,1.1,921,150,2700
3238,55,54.9854735151372,1.1,1.1,921,150,2700
3239,55,54.9855358030785,1.1,1.1,921,150,2700
3240,55,54.9855982477565,1.1,1.1,921,150,2700
3241,55,54.9856608511551,1.1,1.1,921,150,2700
3242,55,54.985723615258,1.1,1.1,921,150,2700
3243,55,54.9857865420491,1.1,1.1,921,150,2700
3244,55,54.9858496335123,1.1,1.1,921,150,2700
3245,55,54.9859128916314,1.1,1.1,921,150,2700
3246,55,54.9859763183902,1.1,1.1,921,150,2700
3247,55,54.9860399157725,1.1,1.1,921,150,2700
3248,55,54.9861036857623,1.1,1.1,921,150,2700
3249,55,54.9861676303432,1.1,1.1,921,150,2700
3250,55,54.9862317514993,1.1,1.1,921,150,2700
3251,55,54.9862960512142,1.1,1.1,921,150,2700
3252,55,54.9863605314719,1.1,1.1,921,150,2700
3253,55,54.9864251942562,1.1,1.1,921,150,2700
3254,55,54.9864900415509,1.1,1.1,921,150,2700
3255,55,54.9865550753398,1.1,1.1,921,150,2700
3256,55,54.9866202976069,1.1,1.1,921,150,2700
3257,55,54.9866857103358,1.1,1.1,921,150,2700
3258,55,54.9867513155106,1.1,1.1,921,150,2700
3259,55,54.986817115115,1.1,1.1,921,150,2700
3260,55,54.9868831111327,1.1,1.1,921,150,2700
3261,55,54.9869493055478,1.1,1.1,921,150,2700
3262,55,54.987015700344,1.1,1.1,921,150,2700
3263,55,54.9870822975052,1.1,1.1,921,150,2700
3264,55,54.9871490990151,1.1,1.1,921,150,2700
3265,55,54.9872161068577,1.1,1.1,921,150,2700
3266,55,54.9872833230168,1.1,1.1,921,150,2700
3267,55,54.9873507494761,1.1,1.1,921,150,2700
3268,55,54.9874183882196,1.1,1.1,921,150,2700
3269,55,54.9874862412311,1.1,1.1,921,150,2700
3270,55,54.9875543104944,1.1,1.1,921,150,2700
3271,55,54.9876225979933,1.1,1.1,921,150,2700
3272,55,54.9876911057118,1.1,1.1,921,150,2700
3273,55,54.9877598356336,1.1,1.1,921,150,2700
3274,55,54.9878287897425,1.1,1.1,921,150,2700
3275,55,54.9878979700224,1.1,1.1,921,150,2700
3276,55,54.9879673784572,1.1,1.1,921,150,2700
3277,55,54.9880370170307,1.1,1.1,921,150,2700
3278,55,54.9881068877267,1.1,1.1,921,150,2700
3279,55,54.988176992529,1.1,1.1,921,150,2700
3280,55,54.9882473334216,1.1,1.1,921,150,2700
3281,55,54.9883179123881,1.1,1.1,921,150,2700
3282,55,54.9883887314126,1.1,1.1,921,150,2700
3283,55,54.9884597924787,1.1,1.1,921,150,2700
3284,55,54.9885310975704,1.1,1.1,921,150,2700
3285,55,54.9886026486714,1.1,1.1,921,150,2700
3286,55,54.9886744477657,1.1,1.1,921,150,2700
3287,55,54.988746496837,1.1,1.1,921,150,2700
3288,55,54.9888187978693,1.1,1.1,921,150,2700
3289,55,54.9888913528462,1.1,1.1,921,150,2700
3290,55,54.9889641637517,1.1,1.1,921,150,2700
3291,55,54.9890314348863,1.1,1.1,921,150,2700
3292,55,54.9890737947438,1.1,1.1,921,150,2700
3293,55,54.989116035707,1.1,1.1,921,150,2700
3294,55,54.9891581582011,1.1,1.1,921,150,2700
3295,55,54.9892001626514,1.1,1.1,921,150,2700
3296,55,54.989242049483,1.1,1.1,921,150,2700
3297,55,54.9892838191214,1.1,1.1,921,150,2700
3298,55,54.9893254719916,1.1,1.1,921,150,2700
3299,55,54.9893670085189,1.1,1.1,921,150,2700
3300,55,54.9894084291286,1.1,1.1,921,150,2700
3301,55,54.989449734246,1.1,1.1,921,150,2700
3302,55,54.9894909242961,1.1,1.1,921,150,2700
3303,55,54.9895319997044,1.1,1.1,921,150,2700
3304,55,54.989572960896,1.1,1.1,921,150,2700
3305,55,54.9896138082962,1.1,1.1,921,150,2700
3306,55,54.9896545423302,1.1,1.1,921,150,2700
3307,55,54.9896951634232,1.1,1.1,921,150,2700
3308,55,54.9897356720006,1.1,1.1,921,150,2700
3309,55,54.9897760684875,1.1,1.1,921,150,2700
3310,55,54.9898163533092,1.1,1.1,921,150,2700
3311,55,54.9898565268909,1.1,1.1,921,150,2700
3312,55,54.9898965896578,1.1,1.1,921,150,2700
3313,55,54.9899365420353,1.1,1.1,921,150,2700
3314,55,54.9899763844485,1.1,1.1,921,150,2700
3315,55,54.9900161173227,1.1,1.1,921,150,2700
3316,55,54.9900557410832,1.1,1.1,921,150,2700
3317,55,54.9900952561551,1.1,1.1,921,150,2700
3318,55,54.9901346629637,1.1,1.1,921,150,2700
3319,55,54.9901739619343,1.1,1.1,921,150,2700
3320,55,54.990213153492,1.1,1.1,921,150,2700
3321,55,54.9902522380622,1.1,1.1,921,150,2700
3322,55,54.9902912160701,1.1,1.1,921,150,2700
3323,55,54.9903300879409,1.1,1.1,921,150,2700
3324,55,54.9903688540999,1.1,1.1,921,150,2700
3325,55,54.9904075149722,1.1,1.1,921,150,2700
3326,55,54.9904460709832,1.1,1.1,921,150,2700
3327,55,54.9904845225581,1.1,1.1,921,150,2700
3328,55,54.9905228701221,1.1,1.1,921,150,2700
3329,55,54.9905611141005,1.1,1.1,921,150,2700
3330,55,54.9905992549185,1.1,1.1,921,150,2700
3331,55,54.9906372930013,1.1,1.1,921,150,2700
3332,55,54.9906752287742,1.1,1.1,921,150,2700
3333,55,54.9907130626625,1.1,1.1,921,150,2700
3334,55,54.9907507950913,1.1,1.1,921,150,2700
3335,55,54.9907884264859,1.1,1.1,921,150,2700
3336,55,54.9908259572716,1.1,1.1,921,150,2700
3337,55,54.9908633878736,1.1,1.1,921,150,2700
3338,55,54.9909007187171,1.1,1.1,921,150,2700
3339,55,54.9909379502274,1.1,1.1,921,150,2700
3340,55,54.9909750828297,1.1,1.1,921,150,2700
3341,55,54.9910121169493,1.1,1.1,921,150,2700
3342,55,54.9910490530114,1.1,1.1,921,150,2700
3343,55,54.9910858914412,1.1,1.1,921,150,2700
3344,55,54.991122632664,1.1,1.1,921,150,2700
3345,55,54.9911592771051,1.1,1.1,921,150,2700
3346,55,54.9911958251896,1.1,1.1,921,150,2700
3347,55,54.9912322773428,1.1,1.1,921,150,2700
3348,55,54.9912686339899,1.1,1.1,921,150,2700
3349,55,54.9913048955563,1.1,1.1,921,150,2700
3350,55,54.9913410624671,1.1,1.1,921,150,2700
3351,55,54.9913771351475,1.1,1.1,921,150,2700
3352,55,54.9914131140229,1.1,1.1,921,150,2700
3353,55,54.9914489995184,1.1,1.1,921,150,2700
3354,55,54.9914847920593,1.1,1.1,921,150,2700
3355,55,54.9915204920709,1.1,1.1,921,150,2700
3356,55,54.9915560999783,1.1,1.1,921,150,2700
3357,55,54.9915916162069,1.1,1.1,921,150,2700
3358,55,54.9916270411818,1.1,1.1,921,150,2700
3359,55,54.9916623753283,1.1,1.1,921,150,2700
3360,55,54.9916976190717,1.1,1.1,921,150,2700
3361,55,54.9917327728371,1.1,1.1,921,150,2700
3362,55,54.9917678370499,1.1,1.1,921,150,2700
3363,55,54.9918028121353,1.1,1.1,921,150,2700
3364,55,54.9918376985184,1.1,1.1,921,150,2700
3365,55,54.9918724966246,1.1,1.1,921,150,2700
3366,55,54.9919072068791,1.1,1.1,921,150,2700
3367,55,54.9919418297071,1.1,1.1,921,150,2700
3368,55,54.991976365534,1.1,1.1,921,150,2700
3369,55,54.9920108147848,1.1,1.1,921,150,2700
3370,55,54.9920451778849,1.1,1.1,921,150,2700
3371,55,54.9920794552594,1.1,1.1,921,150,2700
3372,55,54.9921136473337,1.1,1.1,921,150,2700
3373,55,54.992147754533,1.1,1.1,921,150,2700
3374,55,54.9921817772826,1.1,1.1,921,150,2700
3375,55,54.9922157160075,1.1,1.1,921,150,2700
3376,55,54.9922495711332,1.1,1.1,921,150,2700
3377,55,54.9922833430848,1.1,1.1,921,150,2700
3378,55,54.9923170322877,1.1,1.1,921,150,2700
3379,55,54.9923506391669,1.1,1.1,921,150,2700
3380,55,54.9923841641478,1.1,1.1,921,150,2700
3381,55,54.9924176076556,1.1,1.1,921,150,2700
3382,55,54.9924509701156,1.1,1.1,921,150,2700
3383,55,54.992484251953,1.1,1.1,921,150,2700
3384,55,54.992517453593,1.1,1.1,921,150,2700
3385,55,54.9925505754609,1.1,1.1,921,150,2700
3386,55,54.9925836179819,1.1,1.1,921,150,2700
3387,55,54.9926165815812,1.1,1.1,921,150,2700
3388,55,54.9926494666842,1.1,1.1,921,150,2700
3389,55,54.992682273716,1.1,1.1,921,150,2700
3390,55,54.9927150031018,1.1,1.1,921,150,2700
3391,55,54.992747655267,1.1,1.1,921,150,2700
3392,55,54.9927802306368,1.1,1.1,921,150,2700
3393,55,54.9928127296364,1.1,1.1,921,150,2700
3394,55,54.992845152691,1.1,1.1,921,150,2700
3395,55,54.9928775002259,1.1,1.1,921,150,2700
3396,55,54.9929097726663,1.1,1.1,921,150,2700
3397,55,54.9929419704375,1.1,1.1,921,150,2700
3398,55,54.9929740939647,1.1,1.1,921,150,2700
3399,55,54.9930061436732,1.1,1.1,921,150,2700
3400,55,54.9930381199881,1.1,1.1,921,150,2700
3401,55,54.9930700233348,1.1,1.1,921,150,2700
3402,55,54.9931018541385,1.1,1.1,921,150,2700
3403,55,54.9931336128244,1.1,1.1,921,150,2700
3404,55,54.9931652998177,1.1,1.1,921,150,2700
3405,55,54.9931969155438,1.1,1.1,921,150,2700
3406,55,54.9932284604278,1.1,1.1,921,150,2700
3407,55,54.9932599348949,1.1,1.1,921,150,2700
3408,55,54.9932913393705,1.1,1.1,921,150,2700
3409,55,54.9933226742798,1.1,1.1,921,150,2700
3410,55,54.993353940048,1.1,1.1,921,150,2700
3411,55,54.9933851371003,1.1,1.1,921,150,2700
3412,55,54.993416265862,1.1,1.1,921,150,2700
3413,55,54.9934473267583,1.1,1.1,921,150,2700
3414,55,54.9934783202145,1.1,1.1,921,150,2700
3415,55,54.9935092466558,1.1,1.1,921,150,2700
3416,55,54.9935401065075,1.1,1.1,921,150,2700
3417,55,54.9935709001948,1.1,1.1,921,150,2700
3418,55,54.9936016281429,1.1,1.1,921,150,2700
3419,55,54.9936322907771,1.1,1.1,921,150,2700
3420,55,54.9936628885226,1.1,1.1,921,150,2700
3421,55,54.9936934218046,1.1,1.1,921,150,2700
3422,55,54.9937238910485,1.1,1.1,921,150,2700
3423,55,54.9937542966794,1.1,1.1,921,150,2700
3424,55,54.9937846391226,1.1,1.1,921,150,2700
3425,55,54.9938149188033,1.1,1.1,921,150,2700
3426,55,54.9938451361468,1.1,1.1,921,150,2700
3427,55,54.9938752915783,1.1,1.1,921,150,2700
3428,55,54.993905385523,1.1,1.1,921,150,2700
3429,55,54.9939354184062,1.1,1.1,921,150,2700
3430,55,54.9939653906532,1.1,1.1,921,150,2700
3431,55,54.9939953026891,1.1,1.1,921,150,2700
3432,55,54.9940251549393,1.1,1.1,921,150,2700
3433,55,54.9940549478289,1.1,1.1,921,150,2700
3434,55,54.9940846817832,1.1,1.1,921,150,2700
3435,55,54.9941143572274,1.1,1.1,921,150,2700
3436,55,54.9941439745868,1.1,1.1,921,150,2700
3437,55,54.9941735342866,1.1,1.1,921,150,2700
3438,55,54.9942030367521,1.1,1.1,921,150,2700
3439,55,54.9942324824085,1.1,1.1,921,150,2700
3440,55,54.9942618716811,1.1,1.1,921,150,2700
3441,55,54.994291204995,1.1,1.1,921,150,2700
3442,55,54.9943204827756,1.1,1.1,921,150,2700
3443,55,54.994349705448,1.1,1.1,921,150,2700
3444,55,54.9943788734375,1.1,1.1,921,150,2700
3445,55,54.9944079871694,1.1,1.1,921,150,2700
3446,55,54.9944370470689,1.1,1.1,921,150,2700
3447,55,54.9944660535612,1.1,1.1,921,150,2700
3448,55,54.9944950070715,1.1,1.1,921,150,2700
3449,55,54.9945239080252,1.1,1.1,921,150,2700
3450,55,54.9945527568475,1.1,1.1,921,150,2700
3451,55,54.9945815539635,1.1,1.1,921,150,2700
3452,55,54.9946102997986,1.1,1.1,921,150,2700
3453,55,54.994638994778,1.1,1.1,921,150,2700
3454,55,54.9946676393268,1.1,1.1,921,150,2700
3455,55,54.9946962338705,1.1,1.1,921,150,2700
3456,55,54.9947247788342,1.1,1.1,921,150,2700
3457,55,54.994753274643,1.1,1.1,921,150,2700
3458,55,54.9947817217224,1.1,1.1,921,150,2700
3459,55,54.9948101204975,1.1,1.1,921,150,2700
3460,55,54.9948384713936,1.1,1.1,921,150,2700
3461,55,54.9948667748359,1.1,1.1,921,150,2700
3462,55,54.9948950312496,1.1,1.1,921,150,2700
3463,55,54.9949232410601,1.1,1.1,921,150,2700
3464,55,54.9949514046925,1.1,1.1,921,150,2700
3465,55,54.994979522572,1.1,1.1,921,150,2700
3466,55,54.995007595124,1.1,1.1,921,150,2700
3467,55,54.9950356227736,1.1,1.1,921,150,2700
3468,55,54.9950636059461,1.1,1.1,921,150,2700
3469,55,54.9950915450667,1.1,1.1,921,150,2700
3470,55,54.9951194405608,1.1,1.1,921,150,2700
3471,55,54.9951472928534,1.1,1.1,921,150,2700
3472,55,54.9951751023699,1.1,1.1,921,150,2700
3473,55,54.9952028695356,1.1,1.1,921,150,2700
3474,55,54.9952305947755,1.1,1.1,921,150,2700
3475,55,54.9952582785151,1.1,1.1,921,150,2700
3476,55,54.9952859211795,1.1,1.1,921,150,2700
3477,55,54.9953135231939,1.1,1.1,921,150,2700
3478,55,54.9953410849837,1.1,1.1,921,150,2700
3479,55,54.995368606974,1.1,1.1,921,150,2700
3480,55,54.9953960895902,1.1,1.1,921,150,2700
3481,55,54.9954235332573,1.1,1.1,921,150,2700
3482,55,54.9954509384007,1.1,1.1,921,150,2700
3483,55,54.9954783054457,1.1,1.1,921,150,2700
3484,55,54.9955056348174,1.1,1.1,921,150,2700
3485,55,54.9955329269411,1.1,1.1,921,150,2700
3486,55,54.995560182242,1.1,1.1,921,150,2700
3487,55,54.9955874011454,1.1,1.1,921,150,2700
3488,55,54.9956145840766,1.1,1.1,921,150,2700
3489,55,54.9956417314607,1.1,1.1,921,150,2700
3490,55,54.995668843723,1.1,1.1,921,150,2700
3491,55,54.9956959212888,1.1,1.1,921,150,2700
3492,55,54.9957229645833,1.1,1.1,921,150,2700
3493,55,54.9957499740316,1.1,1.1,921,150,2700
3494,55,54.9957769500592,1.1,1.1,921,150,2700
3495,55,54.9958038930912,1.1,1.1,921,150,2700
3496,55,54.9958308035528,1.1,1.1,921,150,2700
3497,55,54.9958576818693,1.1,1.1,921,150,2700
3498,55,54.995884528466,1.1,1.1,921,150,2700
3499,55,54.995911343768,1.1,1.1,921,150,2700
3500,55,54.9959381282006,1.1,1.1,921,150,2700
3501,55,54.9959648821891,1.1,1.1,921,150,2700
3502,55,54.9959916061588,1.1,1.1,921,150,2700
3503,55,54.9960183005347,1.1,1.1,921,150,2700
3504,55,54.9960449657423,1.1,1.1,921,150,2700
3505,55,54.9960716022066,1.1,1.1,921,150,2700
3506,55,54.996098210353,1.1,1.1,921,150,2700
3507,55,54.9961247906068,1.1,1.1,921,150,2700
3508,55,54.9961513433931,1.1,1.1,921,150,2700
3509,55,54.9961778691371,1.1,1.1,921,150,2700
3510,55,54.9962043682642,1.1,1.1,921,150,2700
3511,55,54.9962308411996,1.1,1.1,921,150,2700
3512,55,54.9962572883685,1.1,1.1,921,150,2700
3513,55,54.9962837101961,1.1,1.1,921,150,2700
3514,55,54.9963101071078,1.1,1.1,921,150,2700
3515,55,54.9963364795287,1.1,1.1,921,150,2700
3516,55,54.996362827884,1.1,1.1,921,150,2700
3517,55,54.9963891525991,1.1,1.1,921,150,2700
3518,55,54.9964154540991,1.1,1.1,921,150,2700
3519,55,54.9964417328094,1.1,1.1,921,150,2700
3520,55,54.996467989155,1.1,1.1,921,150,2700
3521,55,54.9964942235614,1.1,1.1,921,150,2700
3522,55,54.9965204364537,1.1,1.1,921,150,2700
3523,55,54.9965466282571,1.1,1.1,921,150,2700
3524,55,54.996572799397,1.1,1.1,921,150,2700
3525,55,54.9965989502985,1.1,1.1,921,150,2700
3526,55,54.9966250813869,1.1,1.1,921,150,2700
3527,55,54.9966511930875,1.1,1.1,921,150,2700
3528,55,54.9966772858254,1.1,1.1,921,150,2700
3529,55,54.9967033600259,1.1,1.1,921,150,2700
3530,55,54.9967294161143,1.1,1.1,921,150,2700
3531,55,54.9967554545158,1.1,1.1,921,150,2700
3532,55,54.9967814756556,1.1,1.1,921,150,2700
3533,55,54.996807479959,1.1,1.1,921,150,2700
3534,55,54.9968332525798,1.1,1.1,921,150,2700
3535,55,54.9968561256924,1.1,1.1,921,150,2700
3536,55,54.9968788438942,1.1,1.1,921,150,2700
3537,55,54.9969014055349,1.1,1.1,921,150,2700
3538,55,54.9969238089645,1.1,1.1,921,150,2700
3539,55,54.9969460525326,1.1,1.1,921,150,2700
3540,55,54.9969681345891,1.1,1.1,921,150,2700
3541,55,54.9969900534837,1.1,1.1,921,150,2700
3542,55,54.9970118075664,1.1,1.1,921,150,2700
3543,55,54.9970333951868,1.1,1.1,921,150,2700
3544,55,54.9970548146947,1.1,1.1,921,150,2700
3545,55,54.99707606444,1.1,1.1,921,150,2700
3546,55,54.9970971427725,1.1,1.1,921,150,2700
3547,55,54.9971180480419,1.1,1.1,921,150,2700
3548,55,54.9971387785981,1.1,1.1,921,150,2700
3549,55,54.9971593327909,1.1,1.1,921,150,2700
3550,55,54.99717970897,1.1,1.1,921,150,2700
3551,55,54.9971999054852,1.1,1.1,921,150,2700
3552,55,54.9972199206864,1.1,1.1,921,150,2700
3553,55,54.9972397529233,1.1,1.1,921,150,2700
3554,55,54.9972594005457,1.1,1.1,921,150,2700
3555,55,54.9972788619035,1.1,1.1,921,150,2700
3556,55,54.9972981353465,1.1,1.1,921,150,2700
3557,55,54.9973172192243,1.1,1.1,921,150,2700
3558,55,54.9973361118869,1.1,1.1,921,150,2700
3559,55,54.997354811684,1.1,1.1,921,150,2700
3560,55,54.9973733169655,1.1,1.1,921,150,2700
3561,55,54.997391626081,1.1,1.1,921,150,2700
3562,55,54.9974097373805,1.1,1.1,921,150,2700
3563,55,54.9974276492137,1.1,1.1,921,150,2700
3564,55,54.9974453599305,1.1,1.1,921,150,2700
3565,55,54.9974628678805,1.1,1.1,921,150,2700
3566,55,54.9974801714136,1.1,1.1,921,150,2700
3567,55,54.9974972688797,1.1,1.1,921,150,2700
3568,55,54.9975141586285,1.1,1.1,921,150,2700
3569,55,54.9975308390097,1.1,1.1,921,150,2700
3570,55,54.9975473083733,1.1,1.1,921,150,2700
3571,55,54.997563565069,1.1,1.1,921,150,2700
3572,55,54.9975796074465,1.1,1.1,921,150,2700
3573,55,54.9975954338558,1.1,1.1,921,150,2700
3574,55,54.9976110426466,1.1,1.1,921,150,2700
3575,55,54.9976264321686,1.1,1.1,921,150,2700
3576,55,54.9976416007717,1.1,1.1,921,150,2700
3577,55,54.9976565468058,1.1,1.1,921,150,2700
3578,55,54.9976712686205,1.1,1.1,921,150,2700
3579,55,54.9976857645656,1.1,1.1,921,150,2700
3580,55,54.9977000329911,1.1,1.1,921,150,2700
3581,55,54.9977140722466,1.1,1.1,921,150,2700
3582,55,54.9977278806821,1.1,1.1,921,150,2700
3583,55,54.9977414566471,1.1,1.1,921,150,2700
3584,55,54.9977547984917,1.1,1.1,921,150,2700
3585,55,54.9977679045655,1.1,1.1,921,150,2700
3586,55,54.9977807732184,1.1,1.1,921,150,2700
3587,55,54.9977934028001,1.1,1.1,921,150,2700
3588,55,54.9978057916605,1.1,1.1,921,150,2700
3589,55,54.9978179381494,1.1,1.1,921,150,2700
3590,55,54.9978298406165,1.1,1.1,921,150,2700
3591,55,54.9978414974117,1.1,1.1,921,150,2700
3592,55,54.9978529068847,1.1,1.1,921,150,2700
3593,55,54.9978640673854,1.1,1.1,921,150,2700
3594,55,54.9978749772635,1.1,1.1,921,150,2700
3595,55,54.9978856348689,1.1,1.1,921,150,2700
3596,55,54.9978960385513,1.1,1.1,921,150,2700
3597,55,54.9979061866605,1.1,1.1,921,150,2700
3598,55,54.9979160775464,1.1,1.1,921,150,2700
3599,55,54.9979257095587,1.1,1.1,921,150,2700
3600,55,54.9979350810472,1.1,1.1,921,150,2700
